28 0.3265625 0.32109375 0.54375 0.6421875
28 0.45078125 0.66328125 0.3453125 0.4203125
28 0.59296875 0.79765625 0.25 0.31875
28 0.7953125 0.69921875 0.25625 0.3484375
28 0.6203125 0.59375 0.25625 0.3359375
28 0.6 0.315625 0.1953125 0.278125
28 0.70234375 0.40078125 0.1828125 0.225
28 0.7859375 0.49609375 0.1515625 0.16875
28 0.76796875 0.32578125 0.115625 0.2109375
28 0.66640625 0.1890625 0.240625 0.23125
28 0.66953125 0.04765625 0.1390625 0.0953125
28 0.55859375 0.04375 0.2234375 0.0875
28 0.25703125 0.66953125 0.196875 0.378125