28 0.71171875 0.4078125 0.5765625 0.49375
28 0.3671875 0.39296875 0.4 0.3125
28 0.18984375 0.47421875 0.3046875 0.225
28 0.2046875 0.69921875 0.3359375 0.228125
28 0.36796875 0.57578125 0.321875 0.228125
28 0.63359375 0.66171875 0.26875 0.171875
28 0.51640625 0.725 0.215625 0.165625
28 0.39609375 0.76640625 0.159375 0.1390625
28 0.5609375 0.8140625 0.2078125 0.0953125
28 0.7265625 0.77109375 0.2140625 0.225
28 0.88515625 0.83984375 0.1515625 0.1265625
28 0.9234375 0.73515625 0.1203125 0.2171875
28 0.434375 0.21171875 0.3734375 0.1625