28 0.66796875 0.68046875 0.5359375 0.6390625
28 0.55234375 0.33828125 0.340625 0.4171875
28 0.4125 0.20078125 0.2453125 0.315625
28 0.20859375 0.2953125 0.2515625 0.346875
28 0.38125 0.40390625 0.2515625 0.334375
28 0.396875 0.6828125 0.190625 0.2765625
28 0.29609375 0.59609375 0.18125 0.2234375
28 0.2140625 0.4984375 0.15 0.1671875
28 0.22890625 0.66953125 0.1125 0.2109375
28 0.328125 0.80859375 0.2375 0.228125
28 0.3203125 0.95078125 0.1375 0.0984375
28 0.43125 0.95546875 0.221875 0.0890625
28 0.74609375 0.33515625 0.1921875 0.378125