28 0.403125 0.2875 0.484375 0.575
28 0.3953125 0.634375 0.3078125 0.3953125
28 0.4796875 0.8109375 0.2203125 0.3015625
28 0.70390625 0.7921875 0.221875 0.3328125
28 0.578125 0.63046875 0.2234375 0.3203125
28 0.659375 0.3640625 0.1671875 0.2671875
28 0.72421875 0.4796875 0.1625 0.2125
28 0.76796875 0.59921875 0.1375 0.1578125
28 0.8125 0.43359375 0.0921875 0.2078125
28 0.7671875 0.26875 0.221875 0.2109375
28 0.8328125 0.10859375 0.125 0.15
28 0.728125 0.071875 0.2171875 0.1171875
28 0.2125 0.57109375 0.15625 0.3734375