28 0.57109375 0.29140625 0.5359375 0.5828125
28 0.61796875 0.62265625 0.340625 0.4171875
28 0.55234375 0.80703125 0.2453125 0.315625
28 0.32734375 0.81171875 0.2515625 0.346875
28 0.4359375 0.63828125 0.2515625 0.334375
28 0.32734375 0.38125 0.190625 0.2765625
28 0.275 0.503125 0.18125 0.2234375
28 0.24375 0.6265625 0.15 0.1671875
28 0.18203125 0.46640625 0.1125 0.2109375
28 0.21015625 0.2984375 0.2375 0.228125
28 0.128125 0.14609375 0.1375 0.159375
28 0.228125 0.0984375 0.221875 0.1359375
28 0.79296875 0.540625 0.1921875 0.378125