28 0.70546875 0.63828125 0.5890625 0.4578125
28 0.3484375 0.57734375 0.384375 0.2890625
28 0.19140625 0.46015625 0.29375 0.20625
28 0.25234375 0.24375 0.325 0.2078125
28 0.38671875 0.3984375 0.3109375 0.209375
28 0.6640625 0.36953125 0.2609375 0.15625
28 0.56328125 0.28359375 0.20625 0.153125
28 0.45390625 0.21796875 0.153125 0.1296875
28 0.625 0.20546875 0.2046875 0.0828125
28 0.77734375 0.28203125 0.2015625 0.2140625
28 0.9375 0.246875 0.125 0.11875
28 0.9546875 0.3578125 0.090625 0.2125
28 0.37578125 0.76875 0.36875 0.1375