14 0.7359375 0.0828125 0.203125 0.165625
14 0.796875 0.2390625 0.1390625 0.2265625
14 0.76171875 0.48828125 0.1984375 0.221875
14 0.76953125 0.840625 0.2296875 0.234375
14 0.653125 0.71015625 0.271875 0.259375
14 0.64453125 0.94140625 0.259375 0.1140625
14 0.59140625 0.2546875 0.215625 0.2640625
14 0.54375 0.05703125 0.19375 0.1140625
14 0.37109375 0.14140625 0.2765625 0.2828125
14 0.38671875 0.37265625 0.21875 0.240625
14 0.2359375 0.26171875 0.196875 0.2921875
14 0.21640625 0.60078125 0.1140625 0.246875
14 0.25625 0.85859375 0.14375 0.271875
14 0.40234375 0.703125 0.2265625 0.2953125
14 0.3953125 0.928125 0.253125 0.14375