14 0.17265625 0.8640625 0.215625 0.2046875
14 0.15234375 0.6875 0.15625 0.2359375
14 0.2421875 0.453125 0.215625 0.2359375
14 0.3140625 0.11640625 0.246875 0.2328125
14 0.39765625 0.2609375 0.290625 0.278125
14 0.4578125 0.05234375 0.265625 0.1046875
14 0.35546875 0.71875 0.2359375 0.278125
14 0.35625 0.9265625 0.2015625 0.1390625
14 0.5453125 0.86328125 0.296875 0.2734375
14 0.58125 0.65 0.2375 0.25625
14 0.70390625 0.79140625 0.21875 0.30625
14 0.79921875 0.465625 0.1328125 0.253125
14 0.81796875 0.20546875 0.1640625 0.2796875
14 0.64140625 0.3234375 0.2484375 0.3109375
14 0.7 0.09921875 0.2625 0.178125