14 0.2125 0.89609375 0.2 0.1875
14 0.1734375 0.7234375 0.134375 0.225
14 0.2390625 0.4796875 0.1953125 0.21875
14 0.2734375 0.12890625 0.2265625 0.23125
14 0.3734375 0.27265625 0.26875 0.2546875
14 0.41015625 0.04921875 0.2578125 0.0984375
14 0.37890625 0.73203125 0.2125 0.259375
14 0.4015625 0.9390625 0.1921875 0.121875
14 0.584375 0.865625 0.271875 0.26875
14 0.596875 0.640625 0.215625 0.2375
14 0.7328125 0.76875 0.1921875 0.290625
14 0.79375 0.43515625 0.109375 0.246875
14 0.78515625 0.17421875 0.1390625 0.26875
14 0.621875 0.31015625 0.221875 0.2921875
14 0.65703125 0.08046875 0.2515625 0.1546875