14 0.23359375 0.0890625 0.190625 0.17734375
14 0.1859375 0.26015625 0.1234375 0.21875
14 0.23828125 0.50625 0.184375 0.21015625
14 0.2546875 0.85859375 0.215625 0.2203125
14 0.36171875 0.7203125 0.25625 0.24140625
14 0.38671875 0.95078125 0.253125 0.096875
14 0.39140625 0.26171875 0.19921875 0.25
14 0.425 0.05625 0.1859375 0.11171875
14 0.60390625 0.13359375 0.25859375 0.26640625
14 0.60390625 0.36484375 0.20390625 0.22734375
14 0.746875 0.24375 0.17734375 0.28125
14 0.78984375 0.58046875 0.096875 0.24140625
14 0.76796875 0.840625 0.125 0.26328125
14 0.61171875 0.69609375 0.20703125 0.28125
14 0.63515625 0.92734375 0.24375 0.14140625