14 0.659375 0.07265625 0.228125 0.1453125
14 0.746875 0.19140625 0.1734375 0.2421875
14 0.75546875 0.44296875 0.2296875 0.2484375
14 0.825 0.78828125 0.2625 0.265625
14 0.6875 0.68046875 0.3078125 0.296875
14 0.71875 0.91015625 0.26875 0.1546875
14 0.54765625 0.2421875 0.253125 0.290625
14 0.46484375 0.0640625 0.2078125 0.128125
14 0.31015625 0.16953125 0.315625 0.3203125
14 0.36640625 0.39375 0.253125 0.2703125
14 0.1984375 0.3109375 0.240625 0.315625
14 0.23828125 0.6484375 0.153125 0.2578125
14 0.321875 0.87578125 0.184375 0.2484375
14 0.4390625 0.7171875 0.26875 0.3234375
14 0.47109375 0.92421875 0.2703125 0.1515625