14 0.72890625 0.08203125 0.2046875 0.1640625
14 0.7921875 0.23359375 0.1421875 0.228125
14 0.7609375 0.48359375 0.2015625 0.225
14 0.77578125 0.8359375 0.234375 0.2375
14 0.65703125 0.7078125 0.2765625 0.2625
14 0.65234375 0.9390625 0.2609375 0.11875
14 0.5875 0.253125 0.2203125 0.2671875
14 0.53515625 0.0578125 0.1953125 0.115625
14 0.36484375 0.14375 0.28125 0.2875
14 0.384375 0.37421875 0.2234375 0.24375
14 0.23203125 0.26640625 0.2015625 0.2953125
14 0.21796875 0.60546875 0.1171875 0.2484375
14 0.2625 0.8625 0.146875 0.2734375
14 0.40546875 0.70546875 0.23125 0.2984375
14 0.40234375 0.928125 0.2546875 0.14375