28 0.4765625 0.4859375 0.2296875 0.259375
28 0.6234375 0.6953125 0.2140625 0.2328125
28 0.4859375 0.7359375 0.190625 0.1859375
28 0.43359375 0.63046875 0.2109375 0.20625
28 0.33046875 0.46875 0.1421875 0.2046875
28 0.4015625 0.31875 0.1265625 0.2015625
28 0.54609375 0.2796875 0.2609375 0.2359375
28 0.65390625 0.478125 0.19375 0.2921875
18 0.4953125 0.059375 0.109375 0.11875
18 0.58515625 0.07890625 0.1109375 0.1375
18 0.75078125 0.04921875 0.1296875 0.0984375
14 0.2546875 0.30625 0.2046875 0.3515625
14 0.21875 0.20546875 0.1359375 0.2890625