28 0.48203125 0.4796875 0.2828125 0.25625
28 0.71484375 0.58359375 0.2546875 0.2390625
28 0.72890625 0.440625 0.20625 0.209375
28 0.615625 0.409375 0.228125 0.2328125
28 0.43671875 0.33984375 0.21875 0.165625
28 0.303125 0.4375 0.2140625 0.15
28 0.2921875 0.5875 0.2640625 0.2859375
28 0.5078125 0.65546875 0.3109375 0.2265625
18 0.06640625 0.58046875 0.13125 0.121875
18 0.103125 0.6640625 0.1484375 0.1265625
18 0.10078125 0.8328125 0.1234375 0.1421875
14 0.2625 0.29609375 0.371875 0.24375
14 0.1578125 0.2796875 0.3 0.16875