28 0.5234375 0.48671875 0.2328125 0.2625
28 0.3734375 0.69296875 0.21875 0.2359375
28 0.51015625 0.7359375 0.19375 0.1890625
28 0.5640625 0.63203125 0.2140625 0.209375
28 0.66953125 0.47109375 0.1453125 0.2078125
28 0.6015625 0.3203125 0.13125 0.203125
28 0.4578125 0.27890625 0.2640625 0.240625
28 0.34609375 0.47578125 0.1984375 0.2953125
18 0.51171875 0.06015625 0.1109375 0.1203125
18 0.421875 0.07734375 0.1140625 0.1390625
18 0.25625 0.0484375 0.13125 0.096875
14 0.7484375 0.31015625 0.209375 0.3546875
14 0.78671875 0.2109375 0.140625 0.290625