28 0.51953125 0.48125 0.296875 0.275
28 0.27890625 0.56484375 0.26875 0.2546875
28 0.27734375 0.42109375 0.21875 0.221875
28 0.39296875 0.4 0.2421875 0.2453125
28 0.57734375 0.34609375 0.228125 0.1796875
28 0.7015625 0.45546875 0.2203125 0.1640625
28 0.69921875 0.60546875 0.28125 0.3
28 0.478125 0.65390625 0.321875 0.2484375
18 0.925 0.61796875 0.1390625 0.13125
18 0.88125 0.6984375 0.15625 0.1359375
18 0.86875 0.86640625 0.1328125 0.1484375
14 0.75390625 0.31796875 0.38125 0.2703125
14 0.853125 0.31015625 0.29375 0.1921875