28 0.24765625 0.14375 0.1890625 0.2875
28 0.403125 0.24453125 0.303125 0.30625
28 0.23125 0.40546875 0.221875 0.246875
28 0.1984375 0.6140625 0.2140625 0.2515625
28 0.16796875 0.8109375 0.215625 0.3109375
28 0.321875 0.51640625 0.2921875 0.3171875
28 0.31640625 0.7703125 0.2390625 0.2484375
28 0.365625 0.06328125 0.240625 0.1265625
28 0.54765625 0.0453125 0.1484375 0.090625
28 0.553125 0.1453125 0.121875 0.1828125
28 0.66484375 0.31875 0.328125 0.2734375
28 0.52265625 0.53984375 0.2265625 0.3390625
28 0.4578125 0.8953125 0.259375 0.209375
28 0.54140625 0.78515625 0.2796875 0.2875
28 0.66015625 0.621875 0.3078125 0.3734375
28 0.75625 0.12109375 0.365625 0.2234375
28 0.79296875 0.446875 0.2203125 0.3125
28 0.7984375 0.71953125 0.1234375 0.2375
28 0.68125 0.9015625 0.234375 0.196875