28 0.82578125 0.79375 0.175 0.2875
28 0.6515625 0.72734375 0.290625 0.29375
28 0.78359375 0.53203125 0.2109375 0.2375
28 0.76796875 0.32109375 0.203125 0.24375
28 0.75390625 0.1375 0.2015625 0.275
28 0.6703125 0.44375 0.278125 0.30625
28 0.61875 0.1953125 0.228125 0.2390625
28 0.7328125 0.91328125 0.234375 0.1546875
28 0.55546875 0.95546875 0.1453125 0.0890625
28 0.528125 0.8578125 0.1125 0.1796875
28 0.3796875 0.71328125 0.31875 0.259375
28 0.46875 0.46640625 0.2109375 0.3328125
28 0.44921875 0.10234375 0.2515625 0.2046875
28 0.39609375 0.23125 0.26875 0.2765625
28 0.31640625 0.4171875 0.2921875 0.3625
28 0.33515625 0.91171875 0.3578125 0.1765625
28 0.2265625 0.61796875 0.20625 0.3046875
28 0.16015625 0.353125 0.1109375 0.234375
28 0.228125 0.12890625 0.225 0.2296875