32 0.5625 0.7265625 0.371875 0.3625
32 0.56875 0.4609375 0.2703125 0.415625
32 0.3703125 0.66015625 0.271875 0.3796875
32 0.28359375 0.39921875 0.33125 0.4765625
3 0.45859375 0.95078125 0.06875 0.0609375
3 0.753125 0.87109375 0.0828125 0.09375
3 0.73671875 0.19921875 0.134375 0.1
3 0.27421875 0.29296875 0.115625 0.14375
3 0.3453125 0.45625 0.1546875 0.1921875
3 0.47734375 0.36484375 0.0671875 0.084375
3 0.55 0.6171875 0.0703125 0.0828125
3 0.41171875 0.740625 0.0625 0.0765625
3 0.171875 0.42734375 0.065625 0.071875