32 0.44140625 0.27265625 0.3671875 0.3578125
32 0.43046875 0.53828125 0.2640625 0.4125
32 0.63203125 0.34140625 0.2671875 0.3765625
32 0.7140625 0.6046875 0.3234375 0.4734375
3 0.54921875 0.05 0.0671875 0.0609375
3 0.253125 0.12421875 0.0828125 0.0921875
3 0.2578125 0.796875 0.134375 0.0984375
3 0.721875 0.7109375 0.1140625 0.1421875
3 0.65390625 0.54609375 0.153125 0.190625
3 0.5203125 0.63515625 0.065625 0.0828125
3 0.4515625 0.38203125 0.06875 0.08125
3 0.59296875 0.26171875 0.0609375 0.075
3 0.8265625 0.57890625 0.0640625 0.071875