1 0.75625 0.1265625 0.1234375 0.08203125
1 0.63828125 0.17421875 0.11875 0.07265625
1 0.5375 0.20546875 0.10859375 0.09375
1 0.44921875 0.2234375 0.0953125 0.0609375
1 0.4734375 0.26953125 0.0953125 0.06875
1 0.30234375 0.28984375 0.11015625 0.0890625
1 0.54453125 0.42109375 0.125 0.08359375
1 0.48359375 0.42109375 0.09375 0.07890625
1 0.54453125 0.55390625 0.16953125 0.10859375
1 0.65 0.6875 0.14453125 0.05234375
1 0.6921875 0.753125 0.14453125 0.0671875
1 0.70234375 0.8390625 0.13984375 0.08515625