28 0.25390625 0.14140625 0.1921875 0.2828125
28 0.4078125 0.2421875 0.3078125 0.309375
28 0.2328125 0.40078125 0.225 0.2484375
28 0.19609375 0.60859375 0.2171875 0.2546875
28 0.1625 0.8046875 0.2203125 0.3140625
28 0.32109375 0.51328125 0.2953125 0.3203125
28 0.31171875 0.76640625 0.2421875 0.2515625
28 0.37421875 0.06328125 0.2421875 0.1265625
28 0.55546875 0.04609375 0.1484375 0.0921875
28 0.559375 0.14609375 0.1234375 0.184375
28 0.66796875 0.321875 0.3328125 0.278125
28 0.521875 0.53984375 0.23125 0.3421875
28 0.4515625 0.89375 0.2625 0.2125
28 0.5359375 0.7859375 0.284375 0.2921875
28 0.65859375 0.625 0.3140625 0.378125
28 0.7625 0.12578125 0.3671875 0.2296875
28 0.79375 0.4515625 0.225 0.3140625
28 0.79453125 0.72421875 0.1265625 0.2390625
28 0.6734375 0.90234375 0.2375 0.1953125