32 0.52265625 0.734375 0.33125 0.321875
32 0.575 0.4734375 0.21875 0.390625
32 0.34453125 0.6359375 0.2265625 0.353125
32 0.3046875 0.36328125 0.271875 0.4453125
3 0.38046875 0.93671875 0.0625 0.053125
3 0.68515625 0.909375 0.071875 0.084375
3 0.7859375 0.24453125 0.125 0.084375
3 0.31328125 0.25703125 0.0984375 0.13125
3 0.35546875 0.43046875 0.1328125 0.1765625
3 0.50078125 0.36328125 0.0578125 0.0765625
3 0.52890625 0.62421875 0.0609375 0.075
3 0.37109375 0.72109375 0.053125 0.0703125
3 0.18984375 0.37109375 0.0578125 0.065625