32 0.5265625 0.26640625 0.3890625 0.38125
32 0.42109375 0.5109375 0.29375 0.425
32 0.68046875 0.4 0.29375 0.390625
32 0.6625 0.675 0.3578125 0.4890625
3 0.7078125 0.09765625 0.071875 0.0640625
3 0.40390625 0.0609375 0.0875 0.096875
3 0.1671875 0.68984375 0.1390625 0.1078125
3 0.63203125 0.7765625 0.1234375 0.1484375
3 0.62734375 0.5984375 0.165625 0.1984375
3 0.47109375 0.63359375 0.071875 0.0859375
3 0.49765625 0.37265625 0.075 0.0859375
3 0.671875 0.31015625 0.0671875 0.078125
3 0.7765625 0.690625 0.06875 0.075