32 0.46953125 0.2671875 0.3921875 0.384375
32 0.57890625 0.509375 0.3 0.4265625
32 0.31796875 0.403125 0.2984375 0.3921875
32 0.340625 0.67734375 0.3640625 0.4921875
3 0.28515625 0.10078125 0.071875 0.065625
3 0.58828125 0.059375 0.0890625 0.0984375
3 0.8359375 0.684375 0.1390625 0.109375
3 0.3734375 0.77890625 0.125 0.15
3 0.37421875 0.60078125 0.16875 0.2
3 0.53125 0.6328125 0.0734375 0.0875
3 0.50078125 0.37265625 0.075 0.0859375
3 0.325 0.31328125 0.0671875 0.0796875
3 0.2265625 0.6953125 0.0703125 0.075