32 0.421875 0.278125 0.3890625 0.38125
32 0.434375 0.54375 0.29375 0.425
32 0.61796875 0.33046875 0.29375 0.390625
32 0.72265625 0.5859375 0.3578125 0.4890625
3 0.51015625 0.046875 0.071875 0.0640625
3 0.22109375 0.14765625 0.0875 0.096875
3 0.284375 0.81640625 0.1390625 0.1078125
3 0.73984375 0.690625 0.1234375 0.1484375
3 0.6578125 0.5328125 0.165625 0.1984375
3 0.53203125 0.6328125 0.071875 0.0859375
3 0.44140625 0.38671875 0.075 0.0859375
3 0.571875 0.25390625 0.0671875 0.078125
3 0.83203125 0.55 0.06875 0.075