1 0.24375 0.8734375 0.1234375 0.08203125
1 0.36171875 0.82578125 0.11875 0.07265625
1 0.4625 0.79453125 0.10859375 0.09375
1 0.55078125 0.7765625 0.0953125 0.0609375
1 0.5265625 0.73046875 0.0953125 0.06875
1 0.69765625 0.71015625 0.11015625 0.0890625
1 0.45546875 0.57890625 0.125 0.08359375
1 0.51640625 0.57890625 0.09375 0.07890625
1 0.45546875 0.44609375 0.16953125 0.10859375
1 0.35 0.3125 0.14453125 0.05234375
1 0.3078125 0.246875 0.14453125 0.0671875
1 0.29765625 0.1609375 0.13984375 0.08515625