32 0.4734375 0.26640625 0.32578125 0.315625
32 0.42578125 0.528125 0.2125 0.38671875
32 0.653125 0.36171875 0.2203125 0.35
32 0.69765625 0.63359375 0.26484375 0.440625
3 0.61171875 0.0609375 0.0609375 0.05234375
3 0.3078125 0.09375 0.07109375 0.08359375
3 0.21875 0.76015625 0.1234375 0.08203125
3 0.690625 0.73984375 0.096875 0.1296875
3 0.64609375 0.5671875 0.1296875 0.17421875
3 0.5015625 0.63671875 0.05625 0.07578125
3 0.46875 0.3765625 0.059375 0.07421875
3 0.625 0.2765625 0.05234375 0.06875
3 0.8125 0.6234375 0.05625 0.0640625