28 0.74453125 0.8578125 0.1921875 0.284375
28 0.5921875 0.7578125 0.3078125 0.309375
28 0.7671875 0.59921875 0.225 0.2484375
28 0.80390625 0.39140625 0.2171875 0.2546875
28 0.8375 0.1953125 0.2203125 0.3140625
28 0.67890625 0.48671875 0.2953125 0.3203125
28 0.68828125 0.23359375 0.2421875 0.2515625
28 0.62578125 0.9359375 0.2421875 0.128125
28 0.44453125 0.953125 0.1484375 0.09375
28 0.440625 0.85390625 0.1234375 0.184375
28 0.33203125 0.678125 0.3328125 0.278125
28 0.478125 0.46015625 0.23125 0.3421875
28 0.5484375 0.10546875 0.2625 0.2109375
28 0.4640625 0.2140625 0.284375 0.2921875
28 0.34140625 0.375 0.3140625 0.378125
28 0.2375 0.87421875 0.3671875 0.2296875
28 0.20625 0.5484375 0.225 0.3140625
28 0.20546875 0.27578125 0.1265625 0.2390625
28 0.325 0.09765625 0.2375 0.1953125