28 0.48046875 0.3421875 0.1765625 0.203125
28 0.3921875 0.46875 0.2328125 0.2140625
28 0.5359375 0.24765625 0.3109375 0.2890625
28 0.69375 0.33125 0.2421875 0.2640625
28 0.696875 0.521875 0.2296875 0.2484375
28 0.565625 0.4640625 0.1640625 0.2203125
28 0.5609375 0.65390625 0.2703125 0.253125
28 0.43125 0.809375 0.209375 0.2328125
28 0.2640625 0.8796875 0.23125 0.196875
28 0.36796875 0.6421875 0.221875 0.2625
28 0.3359375 0.26640625 0.2359375 0.3125
28 0.25859375 0.54375 0.184375 0.2828125
28 0.240625 0.75625 0.2296875 0.28125