28 0.559375 0.64765625 0.15625 0.1890625
28 0.6125 0.50234375 0.2140625 0.1921875
28 0.53125 0.753125 0.2859375 0.259375
28 0.35703125 0.7125 0.2171875 0.24375
28 0.30390625 0.53046875 0.20625 0.228125
28 0.4453125 0.5515625 0.1421875 0.2078125
28 0.4015625 0.36640625 0.2484375 0.228125
28 0.48671875 0.1828125 0.1875 0.215625
28 0.62890625 0.0796875 0.2140625 0.159375
28 0.590625 0.328125 0.196875 0.24375
28 0.71875 0.6828125 0.2046875 0.2953125
28 0.721875 0.3953125 0.1546875 0.2703125
28 0.684375 0.1859375 0.203125 0.2625