28 0.43046875 0.35703125 0.16875 0.196875
28 0.38828125 0.50546875 0.225 0.2046875
28 0.4515625 0.25 0.3 0.2765625
28 0.628125 0.27734375 0.2328125 0.25625
28 0.69375 0.45625 0.2203125 0.240625
28 0.55078125 0.44453125 0.1546875 0.215625
28 0.6078125 0.62578125 0.2609375 0.2421875
28 0.5359375 0.815625 0.2015625 0.2265625
28 0.4 0.92109375 0.225 0.1578125
28 0.421875 0.67734375 0.2125 0.2546875
28 0.26875 0.3328125 0.2234375 0.30625
28 0.2859375 0.6203125 0.171875 0.278125
28 0.33828125 0.8265625 0.21875 0.2734375