28 0.4453125 0.35 0.15 0.184375
28 0.38828125 0.49375 0.2078125 0.1859375
28 0.478125 0.24609375 0.278125 0.25
28 0.65078125 0.2921875 0.2109375 0.2375
28 0.696875 0.4765625 0.2 0.221875
28 0.55625 0.45 0.134375 0.203125
28 0.59375 0.63671875 0.240625 0.2203125
28 0.50234375 0.8171875 0.18125 0.209375
28 0.3546875 0.91953125 0.209375 0.1609375
28 0.403125 0.66796875 0.1890625 0.2375
28 0.2875 0.309375 0.1953125 0.2890625
28 0.27421875 0.596875 0.1453125 0.265625
28 0.30546875 0.8078125 0.1953125 0.25625