34 0.6859375 0.215625 0.28125 0.2625
34 0.49140625 0.24921875 0.246875 0.2515625
34 0.35859375 0.3421875 0.2515625 0.2578125
34 0.66484375 0.80859375 0.1359375 0.128125
34 0.56328125 0.73828125 0.1625 0.165625
34 0.45234375 0.7046875 0.1828125 0.1734375
34 0.60703125 0.6140625 0.1609375 0.1515625
34 0.5265625 0.58984375 0.1421875 0.171875
34 0.4125 0.578125 0.146875 0.153125
34 0.70625 0.5546875 0.1546875 0.1328125
34 0.20859375 0.84453125 0.121875 0.1515625
34 0.428125 0.81328125 0.134375 0.1171875