25 0.25625 0.8484375 0.1203125 0.209375
25 0.35078125 0.7359375 0.1484375 0.178125
25 0.25546875 0.65390625 0.128125 0.2046875
25 0.49375 0.83203125 0.271875 0.271875
25 0.4828125 0.565625 0.2515625 0.3203125
25 0.296875 0.459375 0.2203125 0.403125
25 0.42890625 0.29609375 0.2671875 0.2921875
25 0.60078125 0.3375 0.2109375 0.25625
25 0.67109375 0.596875 0.19375 0.2546875
25 0.7265625 0.4484375 0.1734375 0.2109375
25 0.67421875 0.2171875 0.165625 0.1984375
25 0.49140625 0.1265625 0.2453125 0.253125