26 0.23828125 0.7484375 0.22734375 0.44375
26 0.20546875 0.4328125 0.15 0.16640625
26 0.378125 0.43125 0.1203125 0.14609375
26 0.534375 0.4625 0.2171875 0.21015625
26 0.60390625 0.76328125 0.128125 0.2515625
26 0.41640625 0.82734375 0.0921875 0.23671875
26 0.434375 0.21875 0.2453125 0.1296875
26 0.24375 0.19921875 0.24140625 0.26015625
26 0.35546875 0.61171875 0.0875 0.23359375
26 0.40625 0.971875 0.0921875 0.05625
26 0.525 0.95234375 0.10546875 0.0953125
26 0.55390625 0.309375 0.096875 0.13984375