26 0.7484375 0.76171875 0.44375 0.22734375
26 0.4328125 0.79453125 0.16640625 0.15
26 0.43125 0.621875 0.14609375 0.1203125
26 0.4625 0.465625 0.21015625 0.2171875
26 0.76328125 0.39609375 0.2515625 0.128125
26 0.82734375 0.58359375 0.23671875 0.0921875
26 0.21875 0.565625 0.1296875 0.2453125
26 0.19921875 0.75625 0.26015625 0.24140625
26 0.61171875 0.64453125 0.23359375 0.0875
26 0.971875 0.59375 0.05625 0.0921875
26 0.95234375 0.475 0.0953125 0.10546875
26 0.309375 0.44609375 0.13984375 0.096875