26 0.30625 0.8046875 0.4796875 0.3078125
26 0.621875 0.7765625 0.1921875 0.1796875
26 0.590625 0.60625 0.165625 0.1453125
26 0.53046875 0.459375 0.2484375 0.253125
26 0.221875 0.4484375 0.271875 0.1734375
26 0.19453125 0.64453125 0.25 0.1359375
26 0.78828125 0.5109375 0.1734375 0.265625
26 0.84453125 0.69453125 0.3015625 0.2859375
26 0.41796875 0.66328125 0.2453125 0.1296875
26 0.0546875 0.68203125 0.0734375 0.1015625
26 0.05390625 0.5609375 0.1078125 0.121875
26 0.6765625 0.4109375 0.15625 0.121875