1 0.825 0.1046875 0.18125 0.1171875
1 0.7984375 0.27890625 0.2453125 0.21875
1 0.9171875 0.41015625 0.165625 0.1859375
1 0.85625 0.6109375 0.2 0.1765625
1 0.9609375 0.68671875 0.078125 0.0828125
1 0.64375 0.13984375 0.2203125 0.103125
1 0.5546875 0.325 0.2734375 0.2171875
1 0.71328125 0.46875 0.2328125 0.2
1 0.6359375 0.66796875 0.2703125 0.225
1 0.75546875 0.74609375 0.2421875 0.115625
1 0.4515625 0.5265625 0.2703125 0.2015625
1 0.2890625 0.3796875 0.24375 0.203125
1 0.40703125 0.21171875 0.2015625 0.1125
1 0.54453125 0.79296875 0.16875 0.1125
1 0.396875 0.7078125 0.2046875 0.1890625
1 0.31484375 0.85625 0.2296875 0.125
1 0.23828125 0.609375 0.2421875 0.2203125
1 0.165625 0.29375 0.265625 0.159375
1 0.084375 0.47890625 0.16875 0.1828125
1 0.16484375 0.80078125 0.240625 0.2484375