1 0.05859375 0.6953125 0.1171875 0.1125
1 0.1328125 0.55546875 0.2421875 0.2140625
1 0.08515625 0.38125 0.16875 0.18125
1 0.2375 0.23515625 0.196875 0.171875
1 0.14921875 0.10390625 0.1453125 0.078125
1 0.20390625 0.75078125 0.221875 0.096875
1 0.36953125 0.62890625 0.2703125 0.2109375
1 0.296875 0.42734375 0.228125 0.19375
1 0.459375 0.2875 0.265625 0.21875
1 0.390625 0.1625 0.2421875 0.1078125
1 0.55546875 0.49921875 0.2671875 0.1953125
1 0.6296875 0.70546875 0.2390625 0.1984375
1 0.44609375 0.79765625 0.2 0.10625
1 0.5984375 0.2203125 0.1671875 0.109375
1 0.68828125 0.36484375 0.2 0.184375
1 0.83046875 0.27265625 0.2296875 0.11875
1 0.7828125 0.5265625 0.2375 0.215625
1 0.6984375 0.8390625 0.2640625 0.1515625
1 0.87109375 0.7203125 0.196875 0.178125
1 0.91015625 0.390625 0.1796875 0.24375