1 0.12265625 0.84609375 0.175 0.096875
1 0.17421875 0.678125 0.228125 0.1953125
1 0.0734375 0.52890625 0.146875 0.1703125
1 0.1625 0.340625 0.1859375 0.15625
1 0.05234375 0.24765625 0.1046875 0.0640625
1 0.3078125 0.83671875 0.2203125 0.075
1 0.42109375 0.665625 0.2578125 0.1890625
1 0.284375 0.5015625 0.215625 0.1765625
1 0.3890625 0.31484375 0.253125 0.1984375
1 0.28125 0.2203125 0.240625 0.084375
1 0.5515625 0.48046875 0.2578125 0.1734375
1 0.6921875 0.6484375 0.228125 0.1796875
1 0.5515625 0.7984375 0.196875 0.0890625
1 0.496875 0.20390625 0.1625 0.09375
1 0.63046875 0.30859375 0.1875 0.1703125
1 0.7328125 0.1734375 0.2265625 0.096875
1 0.77421875 0.428125 0.2234375 0.1984375
1 0.80234375 0.75078125 0.2578125 0.128125
1 0.915625 0.58046875 0.16875 0.1640625
1 0.8734375 0.2484375 0.2171875 0.228125