1 0.1546875 0.87734375 0.178125 0.1109375
1 0.190625 0.70546875 0.2390625 0.2109375
1 0.07890625 0.56640625 0.1578125 0.1796875
1 0.15 0.37109375 0.1953125 0.16875
1 0.04375 0.28671875 0.0875 0.0765625
1 0.3375 0.85234375 0.221875 0.09375
1 0.4359375 0.671875 0.26875 0.2078125
1 0.28515625 0.5203125 0.2265625 0.190625
1 0.3734375 0.325 0.2640625 0.215625
1 0.2578125 0.240625 0.2421875 0.1046875
1 0.55 0.47578125 0.265625 0.1921875
1 0.7046875 0.63125 0.2375 0.1953125
1 0.57734375 0.79296875 0.2 0.103125
1 0.47109375 0.20546875 0.1671875 0.10625
1 0.61328125 0.29765625 0.1984375 0.1828125
1 0.70390625 0.15390625 0.228125 0.115625
1 0.7671875 0.4046875 0.2359375 0.2125
1 0.8234375 0.7234375 0.2640625 0.1484375
1 0.915625 0.54296875 0.16875 0.1765625
1 0.85078125 0.2171875 0.2328125 0.240625