3 0.29765625 0.54765625 0.51796875 0.54609375
3 0.61640625 0.5671875 0.04609375 0.02109375
3 0.6625 0.5328125 0.028125 0.028125
3 0.7859375 0.4984375 0.03125 0.03984375
3 0.67109375 0.34375 0.0296875 0.04921875
3 0.5 0.2796875 0.02265625 0.028125
3 0.5296875 0.2859375 0.0296875 0.034375
3 0.5359375 0.35234375 0.034375 0.07734375
3 0.57890625 0.35234375 0.02265625 0.05234375
3 0.44609375 0.371875 0.065625 0.07109375
3 0.45078125 0.44609375 0.0265625 0.04140625
3 0.496875 0.440625 0.0328125 0.05625