1 0.91640625 0.79765625 0.16640625 0.07734375
1 0.8453125 0.63671875 0.20859375 0.17109375
1 0.93046875 0.47734375 0.1390625 0.1546875
1 0.815625 0.30078125 0.17109375 0.13671875
1 0.93046875 0.19140625 0.1390625 0.0484375
1 0.73203125 0.8109375 0.215625 0.04921875
1 0.5984375 0.6546875 0.23984375 0.1609375
1 0.7140625 0.475 0.19921875 0.153125
1 0.5875 0.30234375 0.23359375 0.17109375
1 0.6828125 0.19609375 0.23515625 0.05625
1 0.44609375 0.48671875 0.24140625 0.14453125
1 0.32734375 0.67109375 0.21015625 0.1546875
1 0.48515625 0.80234375 0.190625 0.065625
1 0.4671875 0.20546875 0.1546875 0.07578125
1 0.346875 0.32578125 0.17109375 0.15
1 0.22890625 0.20390625 0.21875 0.07109375
1 0.21875 0.4625 0.20390625 0.17421875
1 0.23046875 0.7859375 0.2484375 0.0984375
1 0.0890625 0.63125 0.16796875 0.14453125
1 0.0984375 0.29609375 0.19375 0.20546875