18 0.54921875 0.16484375 0.3671875 0.3296875
18 0.24453125 0.21015625 0.278125 0.2578125
18 0.24453125 0.40625 0.2171875 0.2125
18 0.39453125 0.31875 0.190625 0.1640625
18 0.6046875 0.39375 0.1546875 0.1921875
18 0.4953125 0.3953125 0.221875 0.2390625
18 0.38046875 0.53828125 0.1734375 0.2140625
18 0.26796875 0.6109375 0.1671875 0.215625
18 0.29921875 0.8078125 0.23125 0.259375
18 0.41015625 0.92421875 0.1453125 0.1515625
18 0.44765625 0.71640625 0.1765625 0.3125
18 0.55078125 0.5890625 0.203125 0.2375
18 0.70625 0.4578125 0.1640625 0.234375
18 0.6921875 0.584375 0.1375 0.1984375
18 0.696875 0.74296875 0.1734375 0.215625
18 0.62109375 0.71875 0.16875 0.18125
18 0.53359375 0.8921875 0.184375 0.215625
18 0.64921875 0.890625 0.1625 0.1984375