5 0.27421875 0.90078125 0.2203125 0.1984375
5 0.278125 0.67421875 0.22734375 0.32109375
5 0.28125 0.4046875 0.23359375 0.284375
5 0.28125 0.14296875 0.23515625 0.2828125
5 0.48828125 0.95390625 0.21015625 0.0921875
5 0.4640625 0.80234375 0.25625 0.2453125
5 0.45234375 0.54609375 0.2859375 0.26015625
5 0.4703125 0.2796875 0.26171875 0.284375
5 0.48359375 0.07578125 0.26796875 0.14765625
5 0.69609375 0.909375 0.26328125 0.18125
5 0.67578125 0.684375 0.28984375 0.2859375
5 0.6859375 0.42265625 0.278125 0.28125
5 0.70859375 0.1515625 0.246875 0.30078125