5 0.73125 0.896875 0.2234375 0.2015625
5 0.725 0.6703125 0.2328125 0.325
5 0.7171875 0.40078125 0.2390625 0.2890625
5 0.7125 0.14140625 0.240625 0.2828125
5 0.51875 0.953125 0.2125 0.09375
5 0.54140625 0.8015625 0.2609375 0.25
5 0.5484375 0.5453125 0.290625 0.265625
5 0.52578125 0.27890625 0.2671875 0.2890625
5 0.509375 0.07578125 0.2703125 0.1515625
5 0.3109375 0.909375 0.265625 0.18125
5 0.32734375 0.6875 0.2953125 0.290625
5 0.3125 0.42578125 0.2828125 0.2859375
5 0.28515625 0.15546875 0.2515625 0.3046875