18 0.4015625 0.840625 0.32578125 0.31875
18 0.7125 0.82265625 0.25 0.225
18 0.73984375 0.628125 0.19375 0.1875
18 0.57890625 0.69375 0.17265625 0.14140625
18 0.38125 0.590625 0.13125 0.17578125
18 0.48984375 0.60390625 0.19375 0.2140625
18 0.6234375 0.47890625 0.14765625 0.19609375
18 0.7453125 0.42265625 0.14140625 0.19765625
18 0.74140625 0.2234375 0.20078125 0.23359375
18 0.65 0.08046875 0.125 0.159375
18 0.58203125 0.29296875 0.13671875 0.29609375
18 0.4625 0.4046875 0.17421875 0.215625
18 0.28984375 0.51328125 0.13515625 0.2171875
18 0.32109375 0.38984375 0.11328125 0.184375
18 0.3390625 0.23203125 0.14765625 0.19765625
18 0.4109375 0.26640625 0.14765625 0.1625
18 0.52109375 0.10703125 0.159375 0.19609375
18 0.40625 0.0921875 0.13828125 0.18125