18 0.18046875 0.65 0.3609375 0.371875
18 0.1484375 0.340625 0.2609375 0.2828125
18 0.3359375 0.2828125 0.215625 0.2203125
18 0.29609375 0.45234375 0.1671875 0.1921875
18 0.42890625 0.63125 0.19375 0.1578125
18 0.39921875 0.5265625 0.2421875 0.225
18 0.5015625 0.375 0.2171875 0.1765625
18 0.53828125 0.2453125 0.2171875 0.1703125
18 0.73515625 0.21796875 0.2625 0.234375
18 0.890625 0.2859375 0.1765625 0.1484375
18 0.69140625 0.38671875 0.3140625 0.18125
18 0.6 0.521875 0.240625 0.20625
18 0.51953125 0.709375 0.2359375 0.1671875
18 0.63671875 0.659375 0.2 0.140625
18 0.78984375 0.6171875 0.21875 0.1765625
18 0.74453125 0.5515625 0.184375 0.171875
18 0.88515625 0.41796875 0.21875 0.1875
18 0.90859375 0.528125 0.1828125 0.165625