18 0.621875 0.16875 0.346875 0.3375
18 0.31015625 0.16328125 0.265625 0.2421875
18 0.26953125 0.35546875 0.20625 0.2
18 0.43515625 0.3015625 0.1828125 0.153125
18 0.625 0.41796875 0.14375 0.184375
18 0.5171875 0.396875 0.2078125 0.2265625
18 0.37578125 0.5125 0.1609375 0.20625
18 0.25 0.56015625 0.1546875 0.2078125
18 0.23984375 0.759375 0.2171875 0.246875
18 0.32109375 0.9078125 0.1359375 0.1671875
18 0.40390625 0.70078125 0.1578125 0.3046875
18 0.53046875 0.59765625 0.1890625 0.2265625
18 0.7109375 0.5015625 0.15 0.2265625
18 0.67109375 0.62265625 0.1265625 0.1921875
18 0.6421875 0.77890625 0.1609375 0.2078125
18 0.57265625 0.7390625 0.159375 0.171875
18 0.4515625 0.890625 0.1734375 0.20625
18 0.5640625 0.90859375 0.15 0.1828125