18 0.8375 0.43046875 0.325 0.3515625
18 0.803125 0.73984375 0.2453125 0.26875
18 0.60703125 0.75 0.203125 0.209375
18 0.6859375 0.5953125 0.15625 0.184375
18 0.60078125 0.38984375 0.1859375 0.1453125
18 0.6046875 0.49921875 0.2296875 0.2109375
18 0.46796875 0.62109375 0.2078125 0.1640625
18 0.4015625 0.7375 0.209375 0.1578125
18 0.203125 0.71640625 0.25 0.2203125
18 0.0765625 0.61171875 0.153125 0.1390625
18 0.28671875 0.5640625 0.30625 0.1625
18 0.40859375 0.4546875 0.2296875 0.1921875
18 0.53125 0.2921875 0.228125 0.153125
18 0.40546875 0.3125 0.19375 0.1296875
18 0.246875 0.31640625 0.209375 0.1640625
18 0.275 0.390625 0.175 0.1609375
18 0.10703125 0.48671875 0.209375 0.1765625
18 0.1015625 0.37109375 0.1921875 0.153125