5 0.66796875 0.90703125 0.2453125 0.1859375
5 0.6953125 0.703125 0.2703125 0.35
5 0.7296875 0.4359375 0.2703125 0.3140625
5 0.76640625 0.1765625 0.271875 0.3125
5 0.44765625 0.9453125 0.2203125 0.109375
5 0.49375 0.8046875 0.2875 0.278125
5 0.540625 0.55234375 0.31875 0.296875
5 0.56015625 0.2859375 0.2984375 0.31875
5 0.57421875 0.08671875 0.2859375 0.1734375
5 0.24921875 0.878125 0.2859375 0.215625
5 0.3 0.6578125 0.3265625 0.3234375
5 0.3265625 0.39765625 0.3140625 0.3171875
5 0.34140625 0.14609375 0.2859375 0.2921875