18 0.3609375 0.17578125 0.3625 0.3515625
18 0.671875 0.15390625 0.275 0.253125
18 0.72265625 0.34375 0.215625 0.209375
18 0.5546875 0.2984375 0.1890625 0.1609375
18 0.37109375 0.42421875 0.1515625 0.190625
18 0.47734375 0.3984375 0.21875 0.2359375
18 0.625 0.50625 0.1703125 0.2125
18 0.753125 0.546875 0.1640625 0.2140625
18 0.7734375 0.7453125 0.228125 0.25625
18 0.7 0.8984375 0.14375 0.1734375
18 0.60703125 0.6953125 0.171875 0.3109375
18 0.47421875 0.59921875 0.1984375 0.2359375
18 0.28984375 0.5125 0.1609375 0.2328125
18 0.3359375 0.63125 0.134375 0.196875
18 0.37265625 0.7859375 0.1703125 0.2140625
18 0.43984375 0.74296875 0.165625 0.1796875
18 0.56875 0.8875 0.1828125 0.2140625
18 0.45625 0.90859375 0.159375 0.1828125