5 0.6875 0.9046875 0.2375 0.190625
5 0.70546875 0.69296875 0.2546875 0.3390625
5 0.7265625 0.42421875 0.2578125 0.303125
5 0.74921875 0.16328125 0.259375 0.3015625
5 0.47109375 0.94921875 0.2171875 0.1015625
5 0.509375 0.8046875 0.2765625 0.2671875
5 0.54375 0.55 0.3078125 0.284375
5 0.5484375 0.2828125 0.2859375 0.30625
5 0.55234375 0.08203125 0.2796875 0.1640625
5 0.26875 0.890625 0.278125 0.203125
5 0.30859375 0.66796875 0.3140625 0.309375
5 0.321875 0.40703125 0.3015625 0.3046875
5 0.321875 0.14765625 0.271875 0.2953125