18 0.159375 0.5984375 0.31875 0.32578125
18 0.17734375 0.2875 0.225 0.25
18 0.371875 0.26015625 0.1875 0.19375
18 0.30625 0.42109375 0.14140625 0.17265625
18 0.409375 0.61875 0.17578125 0.13125
18 0.39609375 0.51015625 0.2140625 0.19375
18 0.52109375 0.3765625 0.19609375 0.14765625
18 0.57734375 0.2546875 0.19765625 0.14140625
18 0.7765625 0.25859375 0.23359375 0.20078125
18 0.91953125 0.35 0.159375 0.125
18 0.70703125 0.41796875 0.29609375 0.13671875
18 0.5953125 0.5375 0.215625 0.17421875
18 0.48671875 0.71015625 0.2171875 0.13515625
18 0.61015625 0.67890625 0.184375 0.11328125
18 0.76796875 0.6609375 0.19765625 0.14765625
18 0.73359375 0.5890625 0.1625 0.14765625
18 0.89296875 0.47890625 0.19609375 0.159375
18 0.9078125 0.59375 0.18125 0.13828125