5 0.7921875 0.14453125 0.2515625 0.234375
5 0.7484375 0.3671875 0.2796875 0.35625
5 0.69921875 0.63203125 0.2796875 0.3203125
5 0.653125 0.86484375 0.28125 0.2703125
5 0.58984375 0.05859375 0.2234375 0.1171875
5 0.58828125 0.20859375 0.2953125 0.2859375
5 0.5546875 0.4625 0.3265625 0.30625
5 0.490625 0.721875 0.3078125 0.325
5 0.44140625 0.91171875 0.2890625 0.1765625
5 0.378125 0.08671875 0.290625 0.1734375
5 0.35859375 0.28828125 0.334375 0.33125
5 0.303125 0.54375 0.3234375 0.325
5 0.234375 0.80703125 0.2953125 0.3390625