1 0.77578125 0.63203125 0.20625 0.2515625
1 0.59140625 0.63125 0.2125 0.25625
1 0.49140625 0.47265625 0.1984375 0.209375
1 0.2625 0.721875 0.240625 0.175
1 0.553125 0.796875 0.215625 0.134375
1 0.77109375 0.8359375 0.2296875 0.1421875
1 0.9140625 0.66328125 0.1578125 0.203125
1 0.87109375 0.80625 0.190625 0.225
1 0.87578125 0.53984375 0.1671875 0.1390625
1 0.903125 0.39921875 0.1546875 0.1640625
1 0.95390625 0.3578125 0.0921875 0.225
1 0.90546875 0.27109375 0.1359375 0.0875
1 0.79453125 0.40703125 0.175 0.196875
1 0.65703125 0.45 0.1953125 0.1765625
1 0.70625 0.3125 0.1671875 0.171875
1 0.37421875 0.59453125 0.2046875 0.190625
1 0.09921875 0.64140625 0.1984375 0.1953125
1 0.5984375 0.24140625 0.1625 0.1484375
1 0.525 0.303125 0.146875 0.1546875
1 0.46171875 0.21484375 0.171875 0.1359375
1 0.3875 0.3125 0.1359375 0.175
1 0.33203125 0.20234375 0.11875 0.1359375
1 0.1859375 0.27109375 0.1484375 0.1890625
1 0.29765625 0.284375 0.134375 0.1515625
1 0.23359375 0.146875 0.1203125 0.096875
1 0.1046875 0.13984375 0.1015625 0.125