1 0.79609375 0.42265625 0.16640625 0.2234375
1 0.61484375 0.38828125 0.17265625 0.22734375
1 0.48671875 0.525 0.16640625 0.18125
1 0.309375 0.23671875 0.21875 0.13515625
1 0.60859375 0.21875 0.20078125 0.0984375
1 0.83046875 0.221875 0.2140625 0.10390625
1 0.9375 0.41875 0.125 0.1828125
1 0.92265625 0.2703125 0.1546875 0.19921875
1 0.8765625 0.5328125 0.14765625 0.11328125
1 0.8765625 0.67578125 0.1296875 0.14140625
1 0.9453125 0.73046875 0.109375 0.2078125
1 0.85390625 0.80234375 0.1265625 0.0640625
1 0.77109375 0.64765625 0.14453125 0.17265625
1 0.64453125 0.57890625 0.17109375 0.14609375
1 0.66640625 0.7234375 0.14140625 0.14765625
1 0.39453125 0.38359375 0.17734375 0.159375
1 0.11171875 0.2796875 0.2203125 0.15625
1 0.54765625 0.77265625 0.14140625 0.1234375
1 0.48671875 0.69765625 0.1234375 0.13359375
1 0.4078125 0.77265625 0.1546875 0.10859375
1 0.35390625 0.6625 0.10703125 0.1578125
1 0.278125 0.76015625 0.096875 0.1203125
1 0.14765625 0.66484375 0.11875 0.16953125
1 0.26015625 0.67265625 0.11015625 0.13359375
1 0.17109375 0.79609375 0.10703125 0.07734375
1 0.04296875 0.778125 0.08203125 0.11171875