1 0.7828125 0.61796875 0.1953125 0.24375
1 0.5984375 0.6265625 0.203125 0.2484375
1 0.490625 0.4734375 0.190625 0.203125
1 0.27421875 0.734375 0.2359375 0.1640625
1 0.56875 0.79375 0.2125 0.125
1 0.78828125 0.82109375 0.2265625 0.1328125
1 0.921875 0.64140625 0.15 0.1984375
1 0.88671875 0.7859375 0.18125 0.21875
1 0.87734375 0.51953125 0.1625 0.1328125
1 0.89765625 0.378125 0.1484375 0.1578125
1 0.95234375 0.33203125 0.0953125 0.2203125
1 0.8921875 0.25 0.134375 0.08125
1 0.7890625 0.39140625 0.1671875 0.190625
1 0.65390625 0.4421875 0.1890625 0.16875
1 0.69609375 0.3015625 0.1609375 0.165625
1 0.3796875 0.60078125 0.1984375 0.1828125
1 0.10234375 0.66328125 0.2046875 0.1859375
1 0.58515625 0.23671875 0.1578125 0.1421875
1 0.5140625 0.30234375 0.140625 0.15
1 0.446875 0.2171875 0.16875 0.1296875
1 0.378125 0.31875 0.128125 0.171875
1 0.31640625 0.21171875 0.1125 0.1328125
1 0.17421875 0.2875 0.140625 0.184375
1 0.28671875 0.2953125 0.128125 0.146875
1 0.215625 0.1609375 0.1171875 0.0921875
1 0.0859375 0.1609375 0.096875 0.121875