1 0.77109375 0.6421875 0.2125 0.2546875
1 0.58671875 0.634375 0.21875 0.2609375
1 0.49296875 0.47265625 0.203125 0.2140625
1 0.2546875 0.71328125 0.24375 0.18125
1 0.5421875 0.7984375 0.2171875 0.140625
1 0.759375 0.8453125 0.23125 0.15
1 0.9078125 0.67734375 0.1625 0.20625
1 0.86015625 0.81875 0.1953125 0.2296875
1 0.87421875 0.553125 0.16875 0.14375
1 0.90625 0.41328125 0.1578125 0.1671875
1 0.9546875 0.37578125 0.090625 0.2265625
1 0.9125 0.28515625 0.1375 0.090625
1 0.79765625 0.4171875 0.1796875 0.2
1 0.65859375 0.45546875 0.2 0.18125
1 0.7125 0.31953125 0.1703125 0.175
1 0.37109375 0.58984375 0.209375 0.1953125
1 0.0984375 0.62734375 0.196875 0.2015625
1 0.6078125 0.2453125 0.165625 0.1515625
1 0.53125 0.3046875 0.15 0.1578125
1 0.471875 0.21328125 0.175 0.140625
1 0.39453125 0.30859375 0.1390625 0.178125
1 0.3421875 0.196875 0.121875 0.1390625
1 0.19375 0.26015625 0.153125 0.1921875
1 0.30546875 0.278125 0.1375 0.1546875
1 0.24609375 0.1375 0.121875 0.1
1 0.1171875 0.1265625 0.1046875 0.1265625