1 0.80390625 0.53515625 0.1953125 0.24375
1 0.62890625 0.59453125 0.203125 0.2484375
1 0.48359375 0.47734375 0.190625 0.203125
1 0.34765625 0.7875 0.2359375 0.1640625
1 0.646875 0.76328125 0.2125 0.125
1 0.865625 0.7296875 0.2265625 0.1328125
1 0.934375 0.51953125 0.13125 0.1984375
1 0.9296875 0.66875 0.140625 0.21875
1 0.86796875 0.41484375 0.1625 0.1328125
1 0.8484375 0.2734375 0.1484375 0.1578125
1 0.90859375 0.20859375 0.1375 0.2203125
1 0.80859375 0.1515625 0.134375 0.08125
1 0.74765625 0.31640625 0.1671875 0.190625
1 0.63203125 0.4015625 0.1890625 0.16875
1 0.63359375 0.25546875 0.1609375 0.165625
1 0.41171875 0.6296875 0.1984375 0.1828125
1 0.14609375 0.771875 0.240625 0.1859375
1 0.509375 0.2234375 0.1578125 0.1421875
1 0.459375 0.30625 0.140625 0.15
1 0.37109375 0.24296875 0.16875 0.1296875
1 0.3328125 0.359375 0.128125 0.171875
1 0.24375 0.2734375 0.1125 0.1328125
1 0.128125 0.3859375 0.140625 0.184375
1 0.23828125 0.3625 0.128125 0.146875
1 0.1328125 0.25234375 0.1171875 0.0921875
1 0.028125 0.2875 0.05625 0.121875