26 0.50234375 0.24609375 0.3796875 0.446875
26 0.565625 0.78984375 0.3703125 0.4078125
26 0.23671875 0.8234375 0.1953125 0.2390625
26 0.13359375 0.56640625 0.075 0.2296875
26 0.20234375 0.64453125 0.06875 0.1125
26 0.63203125 0.58671875 0.1453125 0.1671875
26 0.8203125 0.4203125 0.1609375 0.275
26 0.703125 0.59453125 0.059375 0.078125
26 0.84296875 0.1125 0.1921875 0.159375
26 0.77265625 0.896875 0.1203125 0.20625
26 0.23125 0.43515625 0.125 0.2046875
26 0.21328125 0.28515625 0.1546875 0.2453125
26 0.47734375 0.5 0.2015625 0.15
26 0.36796875 0.7453125 0.096875 0.1234375
26 0.35390625 0.853125 0.065625 0.0671875
26 0.484375 0.97109375 0.19375 0.0578125
26 0.74375 0.68046875 0.0609375 0.0671875
26 0.67265625 0.10546875 0.065625 0.0640625
26 0.39296875 0.00625 0.0515625 0.0125
26 0.3375 0.45 0.08125 0.1046875