26 0.75234375 0.47578125 0.4171875 0.3390625
26 0.21875 0.5953125 0.378125 0.3359375
26 0.15078125 0.271875 0.225 0.1734375
26 0.39609375 0.1421875 0.2265625 0.053125
26 0.325 0.21875 0.1078125 0.0578125
26 0.428125 0.640625 0.15625 0.1296875
26 0.6125 0.81015625 0.2640625 0.1359375
26 0.4265625 0.71171875 0.075 0.0515625
26 0.92109375 0.80078125 0.1421875 0.178125
26 0.1171875 0.81484375 0.234375 0.0953125
26 0.5359375 0.22578125 0.1953125 0.1046875
26 0.68359375 0.1921875 0.234375 0.13125
26 0.49765625 0.47734375 0.13125 0.190625
26 0.2421875 0.39375 0.115625 0.0859375
26 0.13359375 0.3921875 0.0609375 0.059375
26 0.0234375 0.5375 0.046875 0.190625
26 0.34609375 0.7609375 0.0625 0.0546875
26 0.91015625 0.63046875 0.0578125 0.059375
26 0.9875 0.34140625 0.025 0.0484375
26 0.53203125 0.3328125 0.096875 0.071875