26 0.24609375 0.49765625 0.446875 0.3796875
26 0.78984375 0.434375 0.4078125 0.3703125
26 0.8234375 0.76328125 0.2390625 0.1953125
26 0.56640625 0.86640625 0.2296875 0.075
26 0.64453125 0.79765625 0.1125 0.06875
26 0.58671875 0.36796875 0.1671875 0.1453125
26 0.4203125 0.1796875 0.275 0.1609375
26 0.59453125 0.296875 0.078125 0.059375
26 0.1125 0.15703125 0.159375 0.1921875
26 0.896875 0.22578125 0.20625 0.1203125
26 0.43515625 0.76875 0.2046875 0.125
26 0.28515625 0.78671875 0.2453125 0.1546875
26 0.5 0.52265625 0.15 0.2015625
26 0.7453125 0.63203125 0.1234375 0.096875
26 0.853125 0.64609375 0.0671875 0.065625
26 0.97109375 0.5125 0.0578125 0.19375
26 0.68046875 0.25625 0.0671875 0.0609375
26 0.10546875 0.32734375 0.0640625 0.065625
26 0.00625 0.60546875 0.0125 0.0515625
26 0.45 0.6625 0.1046875 0.08125