34 0.41875 0.9421875 0.265625 0.115625
34 0.64609375 0.88515625 0.1859375 0.184375
34 0.6578125 0.71875 0.290625 0.29375
34 0.4609375 0.821875 0.1671875 0.146875
34 0.325 0.65078125 0.1140625 0.1234375
34 0.39375 0.69921875 0.09375 0.1140625
34 0.465625 0.61953125 0.159375 0.1703125
34 0.540625 0.45625 0.1109375 0.1203125
34 0.28046875 0.45 0.1484375 0.1484375
34 0.41484375 0.4 0.178125 0.1671875
34 0.27578125 0.34921875 0.1203125 0.109375
34 0.30078125 0.24140625 0.1015625 0.1109375
34 0.3921875 0.2484375 0.1171875 0.1703125