34 0.9421875 0.56484375 0.115625 0.2671875
34 0.8796875 0.340625 0.1890625 0.190625
34 0.71328125 0.334375 0.3015625 0.2984375
34 0.82265625 0.528125 0.1515625 0.171875
34 0.65703125 0.66953125 0.1265625 0.1171875
34 0.70234375 0.59921875 0.1171875 0.096875
34 0.62109375 0.5296875 0.175 0.1640625
34 0.4546875 0.4609375 0.1234375 0.115625
34 0.4578125 0.72109375 0.153125 0.153125
34 0.403125 0.58828125 0.171875 0.1828125
34 0.35703125 0.72890625 0.1125 0.1234375
34 0.2484375 0.7078125 0.1140625 0.1046875
34 0.25234375 0.61640625 0.1734375 0.1234375