34 0.38671875 0.05546875 0.2578125 0.1109375
34 0.61875 0.10625 0.1734375 0.171875
34 0.6421875 0.2703125 0.2734375 0.275
34 0.43828125 0.18203125 0.1578125 0.1359375
34 0.31484375 0.36171875 0.10625 0.1171875
34 0.3796875 0.30859375 0.0875 0.1078125
34 0.4578125 0.3828125 0.1484375 0.1609375
34 0.54375 0.540625 0.1046875 0.1140625
34 0.28515625 0.56484375 0.1390625 0.1390625
34 0.42265625 0.60546875 0.1671875 0.15625
34 0.28671875 0.665625 0.1140625 0.1015625
34 0.31953125 0.771875 0.09375 0.10625
34 0.41015625 0.75859375 0.10625 0.1640625