34 0.05703125 0.58125 0.1140625 0.265625
34 0.11484375 0.35390625 0.184375 0.1859375
34 0.28125 0.3421875 0.29375 0.290625
34 0.178125 0.5390625 0.146875 0.1671875
34 0.34921875 0.675 0.1234375 0.1140625
34 0.30078125 0.60625 0.1140625 0.09375
34 0.38046875 0.534375 0.1703125 0.159375
34 0.54375 0.459375 0.1203125 0.1109375
34 0.55 0.71953125 0.1484375 0.1484375
34 0.6 0.58515625 0.1671875 0.178125
34 0.65078125 0.72421875 0.109375 0.1203125
34 0.75859375 0.69921875 0.1109375 0.1015625
34 0.7515625 0.6078125 0.1703125 0.1171875