34 0.53359375 0.93984375 0.2734375 0.1203125
34 0.31484375 0.8671875 0.2 0.1984375
34 0.3203125 0.7015625 0.3140625 0.3171875
34 0.50546875 0.82421875 0.178125 0.1609375
34 0.65859375 0.66875 0.1234375 0.1328125
34 0.58515625 0.709375 0.1046875 0.121875
34 0.521875 0.62265625 0.1734375 0.1828125
34 0.4640625 0.45234375 0.121875 0.1296875
34 0.7234375 0.4734375 0.1609375 0.1609375
34 0.59453125 0.409375 0.190625 0.18125
34 0.73828125 0.3734375 0.128125 0.11875
34 0.725 0.26328125 0.1109375 0.1203125
34 0.63359375 0.2609375 0.1328125 0.1796875