26 0.24765625 0.475 0.46875 0.409375
26 0.78984375 0.459375 0.4203125 0.396875
26 0.79921875 0.790625 0.25 0.2109375
26 0.53359375 0.87109375 0.2296875 0.09375
26 0.61796875 0.809375 0.115625 0.0765625
26 0.59765625 0.37578125 0.1765625 0.15625
26 0.4484375 0.17421875 0.28125 0.18125
26 0.61171875 0.30625 0.08125 0.0640625
26 0.14375 0.12421875 0.171875 0.2
26 0.90625 0.2640625 0.1875 0.140625
26 0.4125 0.76171875 0.209375 0.1390625
26 0.2609375 0.7671875 0.2515625 0.171875
26 0.49765625 0.52265625 0.1640625 0.209375
26 0.73359375 0.653125 0.128125 0.1046875
26 0.8390625 0.67578125 0.0703125 0.0703125
26 0.96640625 0.55390625 0.0671875 0.1953125
26 0.70078125 0.27265625 0.071875 0.0640625
26 0.121875 0.29296875 0.0671875 0.06875
26 0.43671875 0.6578125 0.1078125 0.0890625