26 0.51171875 0.246875 0.390625 0.45625
26 0.5546875 0.79140625 0.38125 0.4171875
26 0.22578125 0.8140625 0.2015625 0.24375
26 0.13125 0.553125 0.0828125 0.2296875
26 0.196875 0.63359375 0.071875 0.1125
26 0.62890625 0.590625 0.15 0.1703125
26 0.82265625 0.43125 0.1703125 0.278125
26 0.69921875 0.6015625 0.0609375 0.0796875
26 0.85625 0.125 0.1953125 0.165625
26 0.7578125 0.90078125 0.128125 0.1984375
26 0.23359375 0.42578125 0.1296875 0.20625
26 0.2203125 0.27578125 0.1609375 0.2484375
26 0.47734375 0.49921875 0.2046875 0.1546875
26 0.359375 0.740625 0.1 0.1265625
26 0.3421875 0.8484375 0.0671875 0.06875
26 0.46875 0.96875 0.19375 0.0625
26 0.7375 0.68828125 0.0625 0.06875
26 0.68671875 0.11171875 0.0671875 0.065625
26 0.41015625 0.0046875 0.0515625 0.009375
26 0.3390625 0.44453125 0.084375 0.10625