26 0.246875 0.4796875 0.465625 0.403125
26 0.790625 0.45390625 0.41875 0.3921875
26 0.8046875 0.78515625 0.2484375 0.2078125
26 0.540625 0.8703125 0.2296875 0.090625
26 0.6234375 0.80703125 0.1140625 0.075
26 0.5953125 0.37421875 0.175 0.153125
26 0.44296875 0.175 0.28125 0.178125
26 0.60859375 0.30390625 0.08125 0.0625
26 0.1375 0.13046875 0.1703125 0.1984375
26 0.9046875 0.25703125 0.190625 0.1359375
26 0.4171875 0.76328125 0.2078125 0.1359375
26 0.265625 0.77109375 0.2515625 0.16875
26 0.4984375 0.52265625 0.1609375 0.2078125
26 0.7359375 0.64921875 0.128125 0.103125
26 0.8421875 0.6703125 0.0703125 0.06875
26 0.96796875 0.546875 0.0640625 0.19375
26 0.696875 0.26953125 0.0703125 0.0640625
26 0.11875 0.3 0.0671875 0.06875
26 0.00390625 0.5703125 0.0078125 0.053125
26 0.4390625 0.65859375 0.1078125 0.0875