1 0.61171875 0.19921875 0.26015625 0.34375
1 0.29453125 0.48515625 0.29453125 0.48828125
1 0.51953125 0.64296875 0.42734375 0.36875
1 0.77265625 0.10390625 0.1609375 0.20703125
1 0.7515625 0.26484375 0.17265625 0.11015625
1 0.70234375 0.42578125 0.2859375 0.225
1 0.8109375 0.625 0.1296875 0.153125
1 0.815625 0.7875 0.1203125 0.17890625
1 0.76796875 0.9421875 0.19765625 0.11328125
1 0.56875 0.86015625 0.20546875 0.23515625
1 0.17265625 0.8703125 0.0921875 0.25859375
1 0.33828125 0.07421875 0.26796875 0.14765625
1 0.3390625 0.91640625 0.25 0.16484375