34 0.55234375 0.09140625 0.2359375 0.1828125
34 0.54609375 0.2296875 0.2171875 0.1953125
34 0.65703125 0.20625 0.140625 0.21875
34 0.61328125 0.4109375 0.3109375 0.30625
34 0.528125 0.58515625 0.1984375 0.2109375
34 0.68515625 0.6171875 0.1859375 0.1921875
34 0.77265625 0.7546875 0.1234375 0.225
34 0.66171875 0.778125 0.215625 0.1703125
34 0.72109375 0.89609375 0.2109375 0.1625
34 0.3265625 0.23046875 0.3328125 0.3421875
34 0.38203125 0.4546875 0.2640625 0.2640625
34 0.43125 0.7484375 0.3453125 0.390625