1 0.45234375 0.1890625 0.3265625 0.378125
1 0.70390625 0.528125 0.3890625 0.5390625
1 0.45078125 0.6359375 0.4953125 0.45
1 0.315625 0.08671875 0.2 0.1734375
1 0.303125 0.21796875 0.1921875 0.14375
1 0.3171875 0.38515625 0.3265625 0.2796875
1 0.16953125 0.5578125 0.159375 0.1765625
1 0.13125 0.715625 0.1546875 0.2
1 0.14609375 0.8765625 0.2171875 0.1515625
1 0.3578125 0.83828125 0.25 0.2734375
1 0.7421875 0.896875 0.14375 0.20625
1 0.746875 0.1171875 0.2921875 0.2
1 0.5703125 0.9171875 0.278125 0.165625