34 0.10859375 0.3546875 0.165625 0.215625
34 0.24765625 0.39453125 0.16875 0.1953125
34 0.24921875 0.28125 0.20625 0.1109375
34 0.4390625 0.36953125 0.26875 0.275
34 0.5890625 0.49140625 0.1890625 0.1734375
34 0.65546875 0.34609375 0.1703125 0.1640625
34 0.81015625 0.2921875 0.215625 0.0921875
34 0.80703125 0.40546875 0.1421875 0.1984375
34 0.934375 0.37265625 0.13125 0.1953125
34 0.1984375 0.60859375 0.3046875 0.290625
34 0.42890625 0.6046875 0.2328125 0.2328125
34 0.7265625 0.62265625 0.3515625 0.2984375