1 0.671875 0.77109375 0.3265625 0.390625
1 0.30234375 0.55703125 0.3890625 0.5390625
1 0.4890625 0.35625 0.4953125 0.45
1 0.84921875 0.83046875 0.2 0.2359375
1 0.7953125 0.67734375 0.1921875 0.14375
1 0.71328125 0.53046875 0.3265625 0.2796875
1 0.778125 0.31328125 0.159375 0.1765625
1 0.74921875 0.153125 0.1546875 0.2
1 0.66953125 0.04375 0.2171875 0.0875
1 0.4921875 0.13515625 0.25 0.2703125
1 0.103125 0.20546875 0.14375 0.271875
1 0.43046875 0.925 0.2921875 0.15
1 0.25625 0.12578125 0.278125 0.2125