34 0.0921875 0.4109375 0.1796875 0.225
34 0.23515625 0.43046875 0.18125 0.2046875
34 0.22109375 0.31796875 0.2125 0.125
34 0.42109375 0.3796875 0.2859375 0.2921875
34 0.5875 0.47890625 0.1984375 0.184375
34 0.6328125 0.32578125 0.1796875 0.1734375
34 0.778125 0.25078125 0.2203125 0.10625
34 0.79140625 0.36328125 0.1546875 0.20625
34 0.9140625 0.3140625 0.146875 0.203125
34 0.21640625 0.64921875 0.321875 0.3109375
34 0.44453125 0.61328125 0.246875 0.246875
34 0.74140625 0.58984375 0.3703125 0.3203125