1 0.60078125 0.1953125 0.271875 0.353125
1 0.29375 0.4921875 0.3109375 0.4984375
1 0.52421875 0.6421875 0.440625 0.3828125
1 0.7578125 0.1 0.16875 0.2
1 0.74296875 0.25625 0.1765625 0.115625
1 0.7 0.41875 0.29375 0.234375
1 0.81484375 0.6140625 0.134375 0.1578125
1 0.82578125 0.7765625 0.1265625 0.1828125
1 0.78359375 0.9328125 0.2015625 0.1203125
1 0.58125 0.8578125 0.2140625 0.2421875
1 0.18515625 0.875 0.1015625 0.25
1 0.3234375 0.08046875 0.2734375 0.15625
1 0.353125 0.9171875 0.25625 0.165625