1 0.58515625 0.809375 0.2890625 0.365625
1 0.29375 0.496875 0.3359375 0.5125
1 0.53203125 0.359375 0.4578125 0.4046875
1 0.7359375 0.90390625 0.178125 0.1921875
1 0.73046875 0.75625 0.18125 0.125
1 0.6953125 0.59140625 0.3046875 0.2484375
1 0.8203125 0.40234375 0.1421875 0.1640625
1 0.83984375 0.24140625 0.1359375 0.1890625
1 0.80546875 0.0828125 0.20625 0.1296875
1 0.6 0.146875 0.225 0.2515625
1 0.20546875 0.1171875 0.1140625 0.234375
1 0.3015625 0.91015625 0.2796875 0.1703125
1 0.37578125 0.08203125 0.2640625 0.1640625