26 0.46796875 0.7953125 0.3546875 0.1375
26 0.49765625 0.14609375 0.39375 0.1234375
26 0.40703125 0.65 0.121875 0.1109375
26 0.4359375 0.58984375 0.0703125 0.0671875
26 0.3296875 0.715625 0.0796875 0.078125
26 0.35390625 0.5796875 0.0359375 0.0515625
26 0.41875 0.4609375 0.0703125 0.06875
26 0.2390625 0.5625 0.1015625 0.053125
26 0.21015625 0.5015625 0.0671875 0.0484375
26 0.26484375 0.390625 0.0578125 0.090625
26 0.37578125 0.28515625 0.0796875 0.0671875
26 0.3578125 0.4578125 0.1484375 0.334375