25 0.49921875 0.61328125 0.2796875 0.21875
25 0.58125 0.346875 0.1375 0.146875
25 0.871875 0.396875 0.0828125 0.115625
25 0.9609375 0.4265625 0.075 0.1
25 0.959375 0.3390625 0.075 0.115625
25 0.41953125 0.4046875 0.2046875 0.1921875
25 0.58984375 0.4421875 0.1890625 0.2171875
25 0.74453125 0.46171875 0.1609375 0.1296875
25 0.73203125 0.59140625 0.25625 0.178125
25 0.58203125 0.6828125 0.1625 0.1421875
25 0.67890625 0.66640625 0.1078125 0.1265625
25 0.33671875 0.61015625 0.159375 0.14375
25 0.2390625 0.55078125 0.128125 0.084375
25 0.353125 0.47578125 0.25625 0.1875