25 0.475 0.3890625 0.3125 0.2625
25 0.6109375 0.6328125 0.1609375 0.1671875
25 0.88515625 0.52421875 0.1015625 0.128125
25 0.96015625 0.47578125 0.0796875 0.1109375
25 0.96796875 0.56171875 0.0640625 0.1265625
25 0.44140625 0.61015625 0.2328125 0.2234375
25 0.6 0.53828125 0.2234375 0.2453125
25 0.74765625 0.48671875 0.18125 0.1546875
25 0.7078125 0.3625 0.28125 0.21875
25 0.5421875 0.30390625 0.1828125 0.1671875
25 0.63984375 0.3 0.128125 0.1421875
25 0.31796875 0.4265625 0.1796875 0.16875
25 0.234375 0.5046875 0.140625 0.1046875
25 0.36171875 0.55390625 0.2828125 0.228125