25 0.503125 0.38671875 0.2765625 0.2140625
25 0.41640625 0.6515625 0.13515625 0.14453125
25 0.1265625 0.596875 0.08046875 0.11484375
25 0.0375 0.565625 0.07265625 0.0984375
25 0.0375 0.653125 0.07265625 0.11484375
25 0.57890625 0.596875 0.20078125 0.1890625
25 0.409375 0.55625 0.1859375 0.2140625
25 0.2546875 0.534375 0.159375 0.1265625
25 0.26953125 0.4046875 0.253125 0.17421875
25 0.42109375 0.315625 0.159375 0.13984375
25 0.32421875 0.33046875 0.10546875 0.125
25 0.66484375 0.39296875 0.15625 0.14140625
25 0.76171875 0.45390625 0.1265625 0.08203125
25 0.64609375 0.5265625 0.253125 0.1828125