25 0.47578125 0.6109375 0.3203125 0.275
25 0.45546875 0.3328125 0.165625 0.1734375
25 0.1609375 0.315625 0.10625 0.13125
25 0.0671875 0.32421875 0.09375 0.1125
25 0.08828125 0.23984375 0.0984375 0.1296875
25 0.6 0.425 0.240625 0.23125
25 0.42578125 0.4234375 0.2328125 0.253125
25 0.2703125 0.40703125 0.1859375 0.1609375
25 0.253125 0.53671875 0.2875 0.2296875
25 0.37890625 0.66015625 0.1890625 0.175
25 0.28828125 0.621875 0.1328125 0.146875
25 0.634375 0.64375 0.1859375 0.175
25 0.74296875 0.6078125 0.1421875 0.1109375
25 0.6484375 0.509375 0.2890625 0.2390625