21 0.71796875 0.65546875 0.1875 0.175
21 0.734375 0.49609375 0.2078125 0.35
21 0.74140625 0.3546875 0.196875 0.2328125
21 0.60625 0.71328125 0.15 0.078125
21 0.49453125 0.721875 0.1328125 0.0796875
21 0.3890625 0.73828125 0.1 0.065625
21 0.228125 0.68671875 0.2 0.178125
21 0.42578125 0.65859375 0.4609375 0.1796875
21 0.54609375 0.4453125 0.3578125 0.3765625
21 0.34765625 0.5546875 0.41875 0.190625
21 0.31953125 0.43515625 0.403125 0.1796875
21 0.4609375 0.39609375 0.375 0.178125
21 0.49609375 0.2984375 0.275 0.1265625
21 0.23671875 0.3234375 0.2578125 0.128125