21 0.29609375 0.67421875 0.17421875 0.1609375
21 0.26640625 0.51640625 0.17890625 0.33515625
21 0.246875 0.3765625 0.17890625 0.21875
21 0.4125 0.721875 0.14453125 0.065625
21 0.525 0.7203125 0.1265625 0.06875
21 0.63125 0.72734375 0.0953125 0.0578125
21 0.7875 0.6625 0.1859375 0.1625
21 0.5875 0.6515625 0.45078125 0.14140625
21 0.44921875 0.44921875 0.32890625 0.35
21 0.65625 0.54140625 0.40625 0.15625
21 0.67421875 0.41953125 0.39140625 0.14609375
21 0.5296875 0.39296875 0.36328125 0.14765625
21 0.48671875 0.29921875 0.26640625 0.10390625
21 0.746875 0.30078125 0.25 0.10703125