21 0.7125 0.66328125 0.1828125 0.1703125
21 0.734375 0.50390625 0.196875 0.34375
21 0.74609375 0.36328125 0.190625 0.228125
21 0.59921875 0.7171875 0.1484375 0.0734375
21 0.48671875 0.72109375 0.1296875 0.075
21 0.38046875 0.73359375 0.0984375 0.0625
21 0.22109375 0.67734375 0.19375 0.171875
21 0.4203125 0.65625 0.4578125 0.1640625
21 0.5484375 0.446875 0.346875 0.3671875
21 0.34609375 0.54921875 0.4140625 0.1765625
21 0.321875 0.42890625 0.3984375 0.165625
21 0.46484375 0.39453125 0.3703125 0.1671875
21 0.503125 0.2984375 0.271875 0.1171875
21 0.24296875 0.3140625 0.2546875 0.1203125