21 0.2765625 0.6484375 0.1921875 0.18125
21 0.26640625 0.4875 0.21875 0.3546875
21 0.2640625 0.346875 0.2046875 0.2390625
21 0.3859375 0.709375 0.1515625 0.0828125
21 0.49765625 0.721875 0.134375 0.084375
21 0.60234375 0.74140625 0.1015625 0.06875
21 0.765625 0.69609375 0.2046875 0.184375
21 0.56875 0.6609375 0.4640625 0.1953125
21 0.45546875 0.44375 0.36875 0.3875
21 0.65 0.56015625 0.421875 0.2046875
21 0.6828125 0.44140625 0.40625 0.1921875
21 0.5421875 0.39765625 0.378125 0.190625
21 0.5109375 0.29921875 0.2765625 0.1359375
21 0.76953125 0.33203125 0.2609375 0.1359375