21 0.30859375 0.68828125 0.184375 0.1734375
21 0.26796875 0.5328125 0.2015625 0.346875
21 0.2390625 0.39453125 0.19375 0.23125
21 0.428125 0.72734375 0.1484375 0.075
21 0.540625 0.71796875 0.13125 0.078125
21 0.646875 0.71796875 0.0984375 0.0640625
21 0.7984375 0.6421875 0.196875 0.175
21 0.59765625 0.6453125 0.459375 0.171875
21 0.44609375 0.453125 0.353125 0.371875
21 0.65859375 0.53046875 0.415625 0.184375
21 0.66796875 0.4078125 0.4 0.1734375
21 0.521875 0.39140625 0.3734375 0.171875
21 0.47265625 0.30078125 0.2734375 0.121875
21 0.73203125 0.284375 0.25625 0.1234375