21 0.340625 0.284375 0.20625 0.1953125
21 0.27578125 0.43125 0.25 0.3671875
21 0.22578125 0.56328125 0.2234375 0.253125
21 0.46484375 0.2640625 0.15625 0.096875
21 0.57421875 0.290625 0.1390625 0.0953125
21 0.67890625 0.3078125 0.10625 0.078125
21 0.81640625 0.40625 0.2171875 0.2
21 0.61953125 0.371875 0.4703125 0.2390625
21 0.4390625 0.53828125 0.3984375 0.415625
21 0.66171875 0.49453125 0.43125 0.24375
21 0.6515625 0.61796875 0.4140625 0.2296875
21 0.5046875 0.6109375 0.3875 0.225
21 0.4421875 0.69296875 0.2828125 0.1609375
21 0.69609375 0.75 0.2671875 0.1609375