10 0.32109375 0.13828125 0.14375 0.2171875
10 0.2953125 0.3203125 0.13125 0.18125
10 0.26484375 0.49921875 0.125 0.240625
10 0.26875 0.73359375 0.1859375 0.2328125
10 0.33203125 0.8796875 0.1859375 0.2171875
10 0.31328125 0.59140625 0.1578125 0.184375
10 0.37578125 0.71875 0.175 0.2109375
10 0.36171875 0.42890625 0.203125 0.228125
10 0.403125 0.25 0.16875 0.2015625
10 0.46015625 0.09765625 0.2484375 0.1953125
10 0.68671875 0.12578125 0.253125 0.234375
10 0.56953125 0.21484375 0.215625 0.2265625
10 0.496875 0.35078125 0.1796875 0.1859375
10 0.46875 0.509375 0.1546875 0.18125
10 0.4828125 0.68828125 0.171875 0.2046875
10 0.45703125 0.87734375 0.178125 0.225
10 0.58515625 0.921875 0.2109375 0.15625
10 0.61953125 0.73515625 0.2265625 0.2984375
10 0.6671875 0.384375 0.25625 0.3015625
10 0.66171875 0.57265625 0.171875 0.1828125
10 0.765625 0.30234375 0.1046875 0.234375
10 0.74296875 0.53125 0.0921875 0.221875
10 0.6984375 0.88125 0.096875 0.215625