10 0.278125 0.8375 0.1203125 0.20390625
10 0.275 0.653125 0.11171875 0.16953125
10 0.26640625 0.471875 0.096875 0.23046875
10 0.29921875 0.23984375 0.1609375 0.2140625
10 0.3796875 0.10234375 0.1625 0.19921875
10 0.32578125 0.38671875 0.13828125 0.16953125
10 0.403125 0.26796875 0.153125 0.19375
10 0.35390625 0.55390625 0.17890625 0.20859375
10 0.3734375 0.73671875 0.14765625 0.184375
10 0.4109375 0.9046875 0.22734375 0.190625
10 0.63984375 0.89453125 0.22890625 0.20859375
10 0.534375 0.79140625 0.1921875 0.20390625
10 0.47890625 0.64765625 0.1609375 0.16796875
10 0.4703125 0.48671875 0.13515625 0.16640625
10 0.50625 0.3109375 0.15 0.1875
10 0.503125 0.1203125 0.153125 0.20859375
10 0.63828125 0.08046875 0.19375 0.1578125
10 0.64765625 0.28125 0.19375 0.2765625
10 0.6515625 0.63515625 0.2234375 0.2765625
10 0.66953125 0.44765625 0.153125 0.16484375
10 0.73984375 0.72890625 0.07734375 0.22734375
10 0.7453125 0.4984375 0.0671875 0.215625
10 0.74375 0.14609375 0.07265625 0.20859375