10 0.26640625 0.1703125 0.128125 0.2078125
10 0.26953125 0.3546875 0.1171875 0.1734375
10 0.2671875 0.5359375 0.1046875 0.234375
10 0.30859375 0.7671875 0.16875 0.2203125
10 0.39375 0.89921875 0.16875 0.2015625
10 0.3296875 0.61953125 0.14375 0.175
10 0.4109375 0.73515625 0.159375 0.1984375
10 0.35234375 0.4515625 0.1859375 0.2140625
10 0.365625 0.26796875 0.1546875 0.1890625
10 0.396875 0.0984375 0.234375 0.196875
10 0.62578125 0.1046875 0.2359375 0.209375
10 0.52421875 0.2078125 0.1984375 0.2109375
10 0.4734375 0.353125 0.1671875 0.1734375
10 0.47109375 0.5140625 0.140625 0.1703125
10 0.5125 0.6890625 0.15625 0.1921875
10 0.51640625 0.8796875 0.1609375 0.2140625
10 0.653125 0.9140625 0.1984375 0.1640625
10 0.65546875 0.71328125 0.203125 0.2828125
10 0.646875 0.359375 0.2328125 0.284375
10 0.67109375 0.54609375 0.159375 0.1703125
10 0.73203125 0.2625 0.0859375 0.2296875
10 0.7453125 0.49296875 0.075 0.2171875
10 0.75625 0.8453125 0.0796875 0.2109375