28 0.7125 0.859375 0.221875 0.2453125
28 0.76328125 0.690625 0.1546875 0.2359375
28 0.47109375 0.84921875 0.2109375 0.26875
28 0.44609375 0.575 0.2375 0.3203125
28 0.3109375 0.66796875 0.2390625 0.2140625
28 0.2671875 0.4453125 0.2078125 0.20625
28 0.465625 0.4171875 0.1796875 0.2171875
28 0.70078125 0.48203125 0.2109375 0.1828125
28 0.590625 0.6 0.15625 0.23125
28 0.6875 0.3171875 0.1640625 0.2015625
28 0.578125 0.28125 0.1578125 0.1921875
28 0.62890625 0.1703125 0.1484375 0.1703125
28 0.4234375 0.278125 0.3046875 0.203125
28 0.23671875 0.23671875 0.1421875 0.2734375
28 0.32890625 0.109375 0.3203125 0.21875
28 0.53515625 0.10078125 0.16875 0.2