28 0.26875 0.15234375 0.225 0.2484375
28 0.22734375 0.3234375 0.1578125 0.2390625
28 0.51015625 0.14921875 0.215625 0.271875
28 0.55 0.42265625 0.2421875 0.3234375
28 0.6796875 0.32265625 0.2421875 0.21875
28 0.73515625 0.54296875 0.2109375 0.209375
28 0.5390625 0.58046875 0.1828125 0.2203125
28 0.3 0.528125 0.2140625 0.1859375
28 0.4046875 0.4046875 0.159375 0.234375
28 0.321875 0.6921875 0.1671875 0.2046875
28 0.43359375 0.72265625 0.1609375 0.19375
28 0.38828125 0.8359375 0.1515625 0.1734375
28 0.58828125 0.7171875 0.3078125 0.2078125
28 0.7765625 0.74921875 0.146875 0.275
28 0.690625 0.88359375 0.325 0.2296875
28 0.4859375 0.89921875 0.171875 0.2015625