28 0.2171875 0.19296875 0.259375 0.278125
28 0.203125 0.36796875 0.1921875 0.2578125
28 0.45546875 0.15234375 0.253125 0.3
28 0.53671875 0.415625 0.2875 0.3546875
28 0.65 0.296875 0.2703125 0.2515625
28 0.7390625 0.50546875 0.2390625 0.2375
28 0.55078125 0.5734375 0.2140625 0.24375
28 0.30703125 0.559375 0.2390625 0.215625
28 0.390625 0.42109375 0.1921875 0.253125
28 0.3546875 0.71796875 0.1953125 0.2265625
28 0.46953125 0.73046875 0.1875 0.215625
28 0.4421875 0.84921875 0.175 0.1921875
28 0.62109375 0.70078125 0.3328125 0.2515625
28 0.8125 0.70234375 0.1859375 0.2921875
28 0.7484375 0.84921875 0.353125 0.275
28 0.5484375 0.8921875 0.2 0.215625