9 0.584375 0.428125 0.3015625 0.3640625
9 0.4140625 0.834375 0.36875 0.3125
9 0.69765625 0.79609375 0.2171875 0.2375
9 0.7484375 0.584375 0.1234375 0.2359375
9 0.3609375 0.26953125 0.2296875 0.23125
9 0.35078125 0.6265625 0.153125 0.19375
8 0.4171875 0.5296875 0.1453125 0.3171875
8 0.3921875 0.903125 0.075 0.19375
8 0.3203125 0.975 0.134375 0.05
21 0.58125 0.8609375 0.19375 0.2234375
21 0.5546875 0.24140625 0.1765625 0.09375
21 0.26171875 0.5078125 0.10625 0.2
21 0.65703125 0.6578125 0.071875 0.0625