9 0.57265625 0.584375 0.346875 0.3984375
9 0.4671875 0.1671875 0.403125 0.334375
9 0.74140625 0.23828125 0.246875 0.2625
9 0.75859375 0.45546875 0.15625 0.2453125
9 0.3265625 0.70546875 0.2578125 0.259375
9 0.37265625 0.3515625 0.178125 0.2109375
8 0.42265625 0.45703125 0.1890625 0.328125
8 0.45703125 0.0921875 0.1046875 0.184375
8 0.39765625 0.01796875 0.1390625 0.0359375
21 0.63671875 0.15625 0.2203125 0.2453125
21 0.5140625 0.7640625 0.184375 0.1171875
21 0.265625 0.45546875 0.1328125 0.209375
21 0.68046875 0.36875 0.078125 0.0703125