12 0.7140625 0.19921875 0.2515625 0.2453125
12 0.63046875 0.97578125 0.1234375 0.0484375
12 0.5625 0.88984375 0.0734375 0.0828125
12 0.603125 0.8140625 0.0703125 0.0734375
12 0.81640625 0.29921875 0.078125 0.071875
12 0.859375 0.21484375 0.0703125 0.0734375
12 0.796875 0.090625 0.1015625 0.0796875
12 0.67734375 0.3796875 0.09375 0.1203125
12 0.584375 0.53515625 0.2515625 0.28125
12 0.48828125 0.690625 0.2609375 0.271875
12 0.46015625 0.50390625 0.35625 0.703125
12 0.37265625 0.2328125 0.2515625 0.465625