12 0.4140625 0.140625 0.234375 0.228125
12 0.1890625 0.91953125 0.1171875 0.096875
12 0.29609375 0.83828125 0.0671875 0.078125
12 0.28671875 0.75234375 0.065625 0.06875
12 0.28203125 0.1953125 0.0734375 0.065625
12 0.2734375 0.1015625 0.065625 0.06875
12 0.37734375 0.02265625 0.0984375 0.0453125
12 0.38046875 0.32265625 0.084375 0.1140625
12 0.40859375 0.50078125 0.23125 0.265625
12 0.43984375 0.68125 0.2421875 0.2546875
12 0.53515625 0.51875 0.290625 0.696875
12 0.7265625 0.278125 0.203125 0.509375