3 0.48203125 0.8859375 0.2296875 0.228125
3 0.29609375 0.83046875 0.21875 0.13671875
3 0.80078125 0.82421875 0.29140625 0.159375
3 0.61171875 0.67890625 0.24375 0.15625
3 0.72734375 0.5953125 0.20234375 0.128125
3 0.61015625 0.465625 0.22734375 0.13671875
3 0.85546875 0.35859375 0.184375 0.21015625
3 0.7453125 0.19921875 0.2234375 0.20078125
3 0.45390625 0.08359375 0.22734375 0.16484375
3 0.51171875 0.23671875 0.153125 0.2203125
3 0.29765625 0.215625 0.20078125 0.17421875
3 0.14765625 0.36875 0.19921875 0.16953125
3 0.1828125 0.5953125 0.1515625 0.2140625
3 0.346875 0.58359375 0.14765625 0.19921875