3 0.4609375 0.88203125 0.240625 0.2359375
3 0.27890625 0.81953125 0.225 0.1484375
3 0.78359375 0.83984375 0.3 0.175
3 0.60234375 0.684375 0.2515625 0.16875
3 0.721875 0.60703125 0.209375 0.1390625
3 0.61171875 0.47109375 0.234375 0.1484375
3 0.8625 0.37734375 0.1953125 0.21875
3 0.7609375 0.2125 0.234375 0.2125
3 0.47578125 0.08515625 0.2359375 0.1703125
3 0.52578125 0.2375 0.1640625 0.228125
3 0.3125 0.20546875 0.209375 0.184375
3 0.1546875 0.35078125 0.2078125 0.1796875
3 0.178125 0.57890625 0.1625 0.221875
3 0.34296875 0.57578125 0.1578125 0.20625