12 0.653125 0.1640625 0.21875 0.2109375
12 0.72421875 0.96328125 0.1109375 0.0734375
12 0.63515625 0.87109375 0.0609375 0.0734375
12 0.6609375 0.78828125 0.0609375 0.0640625
12 0.77265625 0.24296875 0.06875 0.0609375
12 0.7984375 0.1515625 0.0609375 0.0640625
12 0.71328125 0.04140625 0.09375 0.0640625
12 0.65078125 0.3484375 0.0765625 0.109375
12 0.58984375 0.51796875 0.2109375 0.25
12 0.52421875 0.6890625 0.2234375 0.2375
12 0.46171875 0.5109375 0.234375 0.6859375
12 0.31953125 0.24453125 0.1609375 0.4890625