12 0.4390625 0.1359375 0.2453125 0.2390625
12 0.1609375 0.896875 0.121875 0.103125
12 0.2734375 0.8234375 0.071875 0.08125
12 0.26953125 0.73671875 0.06875 0.071875
12 0.303125 0.18125 0.0765625 0.0703125
12 0.30234375 0.08671875 0.06875 0.071875
12 0.41171875 0.0203125 0.1015625 0.040625
12 0.39296875 0.3140625 0.0921875 0.1171875
12 0.40859375 0.49453125 0.2453125 0.2765625
12 0.42734375 0.6765625 0.2546875 0.2671875
12 0.53359375 0.52109375 0.3359375 0.703125
12 0.7421875 0.29453125 0.2359375 0.5125