3 0.13203125 0.603125 0.2640625 0.275
3 0.22421875 0.77265625 0.1828125 0.24375
3 0.11640625 0.2796875 0.2203125 0.3203125
3 0.30078125 0.43125 0.2078125 0.271875
3 0.35625 0.3 0.1703125 0.2265625
3 0.50859375 0.38515625 0.184375 0.2515625
3 0.5578125 0.121875 0.246875 0.2265625
3 0.7375 0.19296875 0.2453125 0.2625
3 0.9046875 0.4515625 0.190625 0.259375
3 0.75390625 0.4296875 0.2484375 0.1984375
3 0.82265625 0.6328125 0.215625 0.234375
3 0.70703125 0.8140625 0.209375 0.2328125
3 0.478125 0.83046875 0.2421875 0.1953125
3 0.453125 0.66796875 0.2265625 0.1890625