3 0.584375 0.87265625 0.265625 0.2546875
3 0.7578125 0.78984375 0.2390625 0.171875
3 0.26015625 0.871875 0.3140625 0.2078125
3 0.42109375 0.6953125 0.2671875 0.196875
3 0.29296875 0.63359375 0.221875 0.1609375
3 0.3859375 0.48515625 0.246875 0.1734375
3 0.125 0.42265625 0.21875 0.2390625
3 0.20625 0.24609375 0.2546875 0.2359375
3 0.4734375 0.09140625 0.253125 0.1828125
3 0.44296875 0.24296875 0.1890625 0.24375
3 0.65 0.18515625 0.228125 0.20625
3 0.82421875 0.309375 0.225 0.2015625
3 0.82890625 0.5390625 0.1859375 0.2375
3 0.665625 0.55546875 0.1796875 0.221875