3 0.8859375 0.51640625 0.228125 0.2296875
3 0.83046875 0.70390625 0.13671875 0.21875
3 0.82421875 0.19921875 0.159375 0.29140625
3 0.67890625 0.38828125 0.15625 0.24375
3 0.5953125 0.27265625 0.128125 0.20234375
3 0.465625 0.38984375 0.13671875 0.22734375
3 0.35859375 0.14453125 0.21015625 0.184375
3 0.19921875 0.2546875 0.20078125 0.2234375
3 0.08359375 0.54609375 0.16484375 0.22734375
3 0.23671875 0.48828125 0.2203125 0.153125
3 0.215625 0.70234375 0.17421875 0.20078125
3 0.36875 0.85234375 0.16953125 0.19921875
3 0.5953125 0.8171875 0.2140625 0.1515625
3 0.58359375 0.653125 0.19921875 0.14765625