9 0.375 0.60390625 0.23828125 0.26640625
9 0.409375 0.35234375 0.26796875 0.21875
9 0.590625 0.38125 0.21015625 0.30390625
9 0.6890625 0.57109375 0.1859375 0.26484375
9 0.64921875 0.8828125 0.2640625 0.234375
9 0.5671875 0.7453125 0.221875 0.20546875
9 0.4046875 0.85859375 0.23984375 0.25625
9 0.28125 0.74140625 0.11875 0.20859375
9 0.2765625 0.496875 0.11015625 0.246875
9 0.29140625 0.27109375 0.13984375 0.22734375
9 0.30234375 0.0984375 0.1625 0.19609375
9 0.57421875 0.15 0.20859375 0.21015625
9 0.7125 0.23046875 0.125 0.215625
9 0.69375 0.0875 0.17578125 0.17265625
9 0.6296875 0.0578125 0.2171875 0.11328125
9 0.42890625 0.0625 0.1234375 0.1234375