3 0.87421875 0.5578125 0.2515625 0.26875
3 0.86328125 0.36328125 0.1765625 0.240625
3 0.7609375 0.84921875 0.2125 0.3015625
3 0.6546875 0.64375 0.2 0.26875
3 0.55 0.74140625 0.1640625 0.2234375
3 0.4453125 0.6015625 0.178125 0.25
3 0.29375 0.821875 0.2421875 0.2203125
3 0.1578125 0.68359375 0.2390625 0.2578125
3 0.10078125 0.37421875 0.2015625 0.2546875
3 0.2390625 0.4609375 0.2453125 0.1921875
3 0.259375 0.246875 0.209375 0.2296875
3 0.43828125 0.12890625 0.2046875 0.228125
3 0.65390625 0.20703125 0.2390625 0.1890625
3 0.6109375 0.365625 0.2234375 0.1828125