12 0.70390625 0.1921875 0.2453125 0.2390625
12 0.6484375 0.97421875 0.121875 0.0515625
12 0.57578125 0.8875 0.071875 0.08125
12 0.6140625 0.81015625 0.06875 0.071875
12 0.809375 0.28828125 0.0765625 0.0703125
12 0.84921875 0.203125 0.06875 0.071875
12 0.78203125 0.08046875 0.1015625 0.0765625
12 0.67265625 0.37421875 0.0921875 0.1171875
12 0.5859375 0.53203125 0.2453125 0.2765625
12 0.49453125 0.690625 0.2546875 0.2671875
12 0.4609375 0.50546875 0.3359375 0.703125
12 0.36171875 0.234375 0.2359375 0.46875