9 0.609375 0.6203125 0.2734375 0.296875
9 0.61015625 0.36640625 0.2953125 0.2546875
9 0.4265625 0.36953125 0.25 0.3296875
9 0.303125 0.54375 0.2203125 0.2875
9 0.29765625 0.85859375 0.29375 0.2671875
9 0.39921875 0.73359375 0.2484375 0.234375
9 0.54453125 0.8625 0.2734375 0.275
9 0.6828125 0.76953125 0.146875 0.2234375
9 0.721875 0.528125 0.14375 0.259375
9 0.73828125 0.30234375 0.1703125 0.2453125
9 0.7515625 0.1296875 0.1875 0.2171875
9 0.475 0.14296875 0.2359375 0.2375
9 0.32734375 0.20390625 0.153125 0.23125
9 0.36484375 0.08125 0.1984375 0.1625
9 0.4328125 0.05703125 0.23125 0.1140625
9 0.63125 0.0765625 0.1390625 0.1390625