9 0.64375 0.57578125 0.2890625 0.309375
9 0.5578125 0.33671875 0.3078125 0.2703125
9 0.38671875 0.40234375 0.26875 0.340625
9 0.3296875 0.60859375 0.2375 0.2984375
9 0.43125 0.88203125 0.30625 0.2359375
9 0.48515625 0.75390625 0.259375 0.246875
9 0.66796875 0.83125 0.2875 0.3
9 0.7640625 0.690625 0.159375 0.228125
9 0.71796875 0.45078125 0.159375 0.2640625
9 0.65625 0.2328125 0.184375 0.2515625
9 0.609375 0.0890625 0.2 0.178125
9 0.3546875 0.1734375 0.2484375 0.2484375
9 0.2359375 0.28046875 0.1671875 0.2375
9 0.225 0.13671875 0.2078125 0.2046875
9 0.28125 0.09453125 0.2359375 0.15625
9 0.478125 0.06484375 0.146875 0.1296875