9 0.36328125 0.58828125 0.26875 0.29375
9 0.428125 0.3421875 0.2921875 0.25
9 0.6046875 0.39296875 0.2453125 0.3265625
9 0.67890625 0.59375 0.2171875 0.2859375
9 0.6015625 0.8828125 0.290625 0.234375
9 0.53671875 0.7515625 0.2453125 0.23125
9 0.36171875 0.84453125 0.26875 0.2828125
9 0.253125 0.71328125 0.14375 0.221875
9 0.27890625 0.46953125 0.1390625 0.2578125
9 0.32109375 0.24765625 0.1671875 0.2421875
9 0.35234375 0.0921875 0.1859375 0.184375
9 0.61640625 0.16171875 0.2328125 0.234375
9 0.74375 0.25859375 0.15 0.2296875
9 0.7421875 0.1140625 0.1953125 0.1921875
9 0.6828125 0.0765625 0.2296875 0.1390625
9 0.4828125 0.0625 0.1375 0.125