9 0.3953125 0.62421875 0.28125 0.303125
9 0.38515625 0.3703125 0.3015625 0.2625
9 0.56875 0.3671875 0.259375 0.3359375
9 0.6984375 0.5375 0.2296875 0.29375
9 0.71328125 0.85078125 0.3 0.2765625
9 0.60859375 0.7296875 0.2546875 0.240625
9 0.46875 0.8609375 0.28125 0.278125
9 0.3265625 0.77578125 0.153125 0.2265625
9 0.2796875 0.5359375 0.1515625 0.2625
9 0.2546875 0.3109375 0.1765625 0.2484375
9 0.2359375 0.1390625 0.19375 0.221875
9 0.5125 0.1421875 0.2421875 0.24375
9 0.6625 0.19765625 0.1609375 0.234375
9 0.61875 0.0796875 0.203125 0.159375
9 0.55078125 0.05859375 0.2328125 0.1171875
9 0.35390625 0.08125 0.14375 0.14375