34 0.3171875 0.89609375 0.18125 0.2078125
34 0.28828125 0.728125 0.19375 0.2140625
34 0.2421875 0.54453125 0.1734375 0.1796875
34 0.1609375 0.20078125 0.1609375 0.1859375
34 0.353125 0.21015625 0.2921875 0.2859375
34 0.43828125 0.38203125 0.2 0.1921875
34 0.234375 0.390625 0.2375 0.253125
34 0.503125 0.6421875 0.2609375 0.2515625
34 0.45234375 0.89375 0.1609375 0.171875
34 0.425 0.79140625 0.1734375 0.1484375
34 0.5734375 0.84453125 0.2296875 0.2671875
34 0.74375 0.82265625 0.221875 0.234375
34 0.86328125 0.85625 0.1140625 0.115625
34 0.85625 0.77421875 0.1078125 0.1609375
34 0.81484375 0.7203125 0.0828125 0.08125
34 0.825 0.6609375 0.109375 0.13125
34 0.66171875 0.6890625 0.1734375 0.1671875
34 0.76328125 0.7 0.0953125 0.0984375
34 0.7484375 0.615625 0.1234375 0.1265625
34 0.6640625 0.5609375 0.1671875 0.1671875
34 0.79296875 0.52734375 0.1390625 0.225
34 0.69140625 0.440625 0.1765625 0.16875
34 0.7015625 0.21484375 0.1609375 0.1640625
34 0.684375 0.0765625 0.146875 0.153125
34 0.56328125 0.1015625 0.1890625 0.1828125
34 0.55390625 0.2546875 0.190625 0.2078125
34 0.47578125 0.49453125 0.353125 0.196875
34 0.6578125 0.3421875 0.303125 0.1734375