34 0.23828125 0.85390625 0.14453125 0.1890625
34 0.2453125 0.67890625 0.159375 0.184375
34 0.23828125 0.48984375 0.14453125 0.153125
34 0.23046875 0.13671875 0.1296875 0.1625
34 0.41640625 0.1859375 0.2484375 0.23984375
34 0.4640625 0.371875 0.17109375 0.159375
34 0.26328125 0.3375 0.19609375 0.2171875
34 0.4734375 0.63984375 0.221875 0.21015625
34 0.371875 0.875 0.13359375 0.14765625
34 0.36640625 0.76953125 0.1515625 0.11875
34 0.5 0.85234375 0.1859375 0.23359375
34 0.67109375 0.86640625 0.184375 0.20078125
34 0.78125 0.92421875 0.0953125 0.0984375
34 0.79140625 0.8421875 0.07890625 0.14765625
34 0.76171875 0.78125 0.07109375 0.0671875
34 0.784375 0.725 0.0875 0.11484375
34 0.61875 0.71875 0.14765625 0.13984375
34 0.715625 0.75 0.07890625 0.08359375
34 0.71875 0.66484375 0.10390625 0.10703125
34 0.64765625 0.59375 0.14140625 0.14140625
34 0.78125 0.5875 0.096875 0.21015625
34 0.69921875 0.48203125 0.1515625 0.13984375
34 0.75625 0.26328125 0.13515625 0.13828125
34 0.76953125 0.1203125 0.1203125 0.13828125
34 0.64453125 0.1234375 0.1609375 0.153125
34 0.60390625 0.27109375 0.15625 0.17890625
34 0.47734375 0.48984375 0.33359375 0.1296875
34 0.6875 0.378125 0.2859375 0.11640625