34 0.18046875 0.803125 0.175 0.2109375
34 0.21796875 0.63203125 0.1890625 0.209375
34 0.24375 0.44453125 0.16875 0.1765625
34 0.29765625 0.0953125 0.15625 0.1828125
34 0.471875 0.1765625 0.2859375 0.2796875
34 0.48671875 0.36796875 0.196875 0.1859375
34 0.2953125 0.29921875 0.23125 0.2484375
34 0.44921875 0.6328125 0.2546875 0.2453125
34 0.30859375 0.846875 0.1578125 0.16875
34 0.321875 0.7421875 0.1703125 0.14375
34 0.4390625 0.846875 0.2234375 0.2625
34 0.60390625 0.8875 0.2171875 0.225
34 0.70234375 0.9546875 0.1109375 0.090625
34 0.72734375 0.8875 0.103125 0.159375
34 0.70859375 0.82265625 0.08125 0.078125
34 0.740625 0.77109375 0.10625 0.128125
34 0.57890625 0.7359375 0.1703125 0.1640625
34 0.66875 0.78359375 0.0921875 0.0953125
34 0.68671875 0.7 0.1203125 0.1234375
34 0.62890625 0.61796875 0.1640625 0.1640625
34 0.76171875 0.63515625 0.13125 0.2234375
34 0.69921875 0.5171875 0.1734375 0.1640625
34 0.79375 0.31171875 0.1578125 0.159375
34 0.83125 0.17265625 0.1421875 0.1578125
34 0.7078125 0.15390625 0.184375 0.178125
34 0.6421875 0.29296875 0.184375 0.203125
34 0.4796875 0.4859375 0.3515625 0.1859375
34 0.70546875 0.4125 0.3015625 0.1640625