34 0.296875 0.890625 0.171875 0.209375
34 0.2765625 0.71640625 0.1859375 0.2078125
34 0.23984375 0.53125 0.1671875 0.1734375
34 0.17734375 0.18359375 0.153125 0.18125
34 0.36796875 0.203125 0.2828125 0.275
34 0.44453125 0.37890625 0.19375 0.184375
34 0.240625 0.3765625 0.228125 0.2453125
34 0.4953125 0.6421875 0.2515625 0.2421875
34 0.43203125 0.890625 0.1546875 0.1671875
34 0.41015625 0.7875 0.16875 0.140625
34 0.55546875 0.84765625 0.2203125 0.259375
34 0.7265625 0.83515625 0.2140625 0.2265625
34 0.84453125 0.875 0.109375 0.1125
34 0.84140625 0.7921875 0.1015625 0.1578125
34 0.80234375 0.73671875 0.08125 0.078125
34 0.81640625 0.678125 0.1046875 0.1265625
34 0.6515625 0.69765625 0.1671875 0.1609375
34 0.75234375 0.71328125 0.090625 0.0953125
34 0.7421875 0.62890625 0.11875 0.121875
34 0.66015625 0.56953125 0.1625 0.1625
34 0.79140625 0.5421875 0.128125 0.2234375
34 0.69375 0.45078125 0.171875 0.1625
34 0.71640625 0.22578125 0.1546875 0.1578125
34 0.70703125 0.0828125 0.140625 0.1546875
34 0.58359375 0.10546875 0.1828125 0.1765625
34 0.5671875 0.2578125 0.1828125 0.2015625
34 0.47578125 0.49375 0.35 0.1796875
34 0.66640625 0.35 0.3 0.159375