34 0.25078125 0.1375 0.1515625 0.19375
34 0.2515625 0.3125 0.165625 0.1890625
34 0.23828125 0.50078125 0.15 0.1578125
34 0.21796875 0.85390625 0.1359375 0.1671875
34 0.40546875 0.8109375 0.25625 0.2484375
34 0.459375 0.6265625 0.1765625 0.165625
34 0.2578125 0.65390625 0.203125 0.2234375
34 0.478125 0.359375 0.2296875 0.2171875
34 0.38515625 0.12109375 0.1390625 0.1515625
34 0.37578125 0.22578125 0.15625 0.1234375
34 0.5125 0.14765625 0.19375 0.240625
34 0.68359375 0.13984375 0.190625 0.2078125
34 0.79609375 0.0859375 0.0984375 0.1015625
34 0.803125 0.16796875 0.084375 0.15
34 0.77109375 0.228125 0.0734375 0.0703125
34 0.7921875 0.28515625 0.0921875 0.1171875
34 0.6265625 0.28515625 0.153125 0.1453125
34 0.72421875 0.2578125 0.08125 0.0859375
34 0.72421875 0.34296875 0.1078125 0.1109375
34 0.65078125 0.41171875 0.146875 0.146875
34 0.784375 0.42265625 0.1046875 0.2140625
34 0.6984375 0.525 0.15625 0.1453125
34 0.74765625 0.7453125 0.140625 0.1421875
34 0.75625 0.8890625 0.125 0.1421875
34 0.63125 0.88125 0.165625 0.159375
34 0.59609375 0.73203125 0.1625 0.184375
34 0.47734375 0.509375 0.3375 0.140625
34 0.6828125 0.628125 0.2890625 0.1265625