28 0.7609375 0.73515625 0.2359375 0.3171875
28 0.70546875 0.52890625 0.2171875 0.2203125
28 0.64765625 0.61796875 0.1453125 0.140625
28 0.6546875 0.70703125 0.1234375 0.1234375
28 0.59765625 0.7421875 0.159375 0.15
28 0.6515625 0.8640625 0.2125 0.190625
28 0.5578125 0.5359375 0.1640625 0.1828125
28 0.56640625 0.64921875 0.1265625 0.13125
28 0.44375 0.54453125 0.259375 0.2296875
28 0.47734375 0.6921875 0.1734375 0.2421875
28 0.48671875 0.8609375 0.1859375 0.2078125
28 0.36953125 0.715625 0.1640625 0.2390625