28 0.36328125 0.8234375 0.2234375 0.3125
28 0.32578125 0.6125 0.2109375 0.2140625
28 0.415625 0.66953125 0.1421875 0.1359375
28 0.44765625 0.753125 0.1203125 0.1203125
28 0.5140625 0.7609375 0.1546875 0.1453125
28 0.51640625 0.89375 0.20625 0.1828125
28 0.4625 0.55703125 0.1578125 0.178125
28 0.503125 0.66328125 0.121875 0.128125
28 0.5703125 0.51640625 0.253125 0.2203125
28 0.60234375 0.66484375 0.1625 0.2390625
28 0.6640625 0.82109375 0.178125 0.2015625
28 0.709375 0.63984375 0.1546875 0.234375