29 0.65078125 0.77578125 0.4109375 0.4484375
29 0.77890625 0.27578125 0.346875 0.5
29 0.55703125 0.46953125 0.40625 0.4578125
29 0.24296875 0.58671875 0.321875 0.3703125
29 0.396875 0.80234375 0.2859375 0.39375
29 0.146875 0.7984375 0.1890625 0.2375
29 0.3015625 0.84921875 0.1953125 0.2375
29 0.26875 0.1390625 0.209375 0.278125
29 0.403125 0.31953125 0.3484375 0.4171875
29 0.4109375 0.0765625 0.275 0.153125
29 0.51640625 0.11484375 0.2046875 0.2296875
29 0.6859375 0.08515625 0.2453125 0.15625
29 0.62265625 0.22421875 0.215625 0.2109375
29 0.21015625 0.30703125 0.14375 0.215625
29 0.23359375 0.58984375 0.3 0.328125