29 0.725 0.75390625 0.375 0.4796875
29 0.71171875 0.22578125 0.3109375 0.4515625
29 0.546875 0.45625 0.375 0.4328125
29 0.27421875 0.65 0.296875 0.3515625
29 0.47734375 0.81484375 0.2578125 0.3703125
29 0.2359375 0.8796875 0.1734375 0.2265625
29 0.3984375 0.8875 0.178125 0.225
29 0.1765625 0.18359375 0.184375 0.325
29 0.36015625 0.35078125 0.31875 0.396875
29 0.29921875 0.09296875 0.2640625 0.1765625
29 0.4140625 0.11640625 0.1875 0.2328125
29 0.57109375 0.06015625 0.2390625 0.1203125
29 0.546875 0.2015625 0.203125 0.196875
29 0.1703125 0.38828125 0.1265625 0.2078125
29 0.265625 0.65625 0.278125 0.309375