29 0.725 0.2453125 0.5125 0.4234375
29 0.2203125 0.32421875 0.440625 0.3609375
29 0.45078125 0.45859375 0.4671875 0.4171875
29 0.6765625 0.70625 0.378125 0.33125
29 0.809375 0.4828125 0.38125 0.296875
29 0.89375 0.71484375 0.2125 0.1953125
29 0.88828125 0.55390625 0.2234375 0.2015625
29 0.225 0.859375 0.3390625 0.21875
29 0.36875 0.65703125 0.425 0.359375
29 0.12109375 0.74921875 0.203125 0.278125
29 0.1296875 0.63203125 0.25 0.2109375
29 0.0640625 0.48203125 0.128125 0.2484375
29 0.1984375 0.48984375 0.215625 0.2203125
29 0.4296875 0.840625 0.2171875 0.1484375
29 0.68359375 0.71328125 0.334375 0.309375