29 0.22734375 0.70234375 0.45234375 0.3375
29 0.76953125 0.7359375 0.46015625 0.27109375
29 0.53984375 0.55078125 0.4046875 0.340625
29 0.3703125 0.26171875 0.32890625 0.26953125
29 0.184375 0.45078125 0.36015625 0.22734375
29 0.14453125 0.20390625 0.2140625 0.1546875
29 0.121875 0.36484375 0.2125 0.1609375
29 0.84375 0.20546875 0.3125 0.1578125
29 0.6609375 0.3734375 0.3734375 0.2875
29 0.92265625 0.33515625 0.1546875 0.2515625
29 0.88984375 0.44765625 0.2203125 0.16953125
29 0.940625 0.6109375 0.11875 0.22890625
29 0.79296875 0.57265625 0.18125 0.1875
29 0.63984375 0.18125 0.19921875 0.11015625
29 0.36484375 0.253125 0.2875 0.2546875