29 0.77265625 0.29765625 0.453125 0.3375
29 0.23046875 0.2640625 0.459375 0.271875
29 0.46015625 0.44921875 0.4046875 0.340625
29 0.6296875 0.73828125 0.328125 0.26875
29 0.815625 0.54921875 0.359375 0.228125
29 0.85546875 0.79609375 0.2140625 0.1546875
29 0.878125 0.63515625 0.2125 0.1609375
29 0.15625 0.79453125 0.3125 0.1578125
29 0.3390625 0.6265625 0.3734375 0.2875
29 0.07734375 0.66484375 0.1546875 0.2515625
29 0.11015625 0.55234375 0.2203125 0.16875
29 0.059375 0.3890625 0.11875 0.228125
29 0.20703125 0.42734375 0.18125 0.1875
29 0.36015625 0.81875 0.2 0.109375
29 0.63515625 0.746875 0.2875 0.2546875