29 0.75390625 0.275 0.4796875 0.375
29 0.22578125 0.28828125 0.4515625 0.3109375
29 0.45625 0.453125 0.4328125 0.375
29 0.65 0.72578125 0.3515625 0.296875
29 0.81484375 0.52109375 0.3703125 0.2578125
29 0.8796875 0.7640625 0.2265625 0.1734375
29 0.8875 0.6015625 0.225 0.178125
29 0.18359375 0.8234375 0.325 0.184375
29 0.35078125 0.63984375 0.396875 0.31875
29 0.09296875 0.70078125 0.1765625 0.2640625
29 0.11640625 0.5859375 0.2328125 0.1875
29 0.06015625 0.42734375 0.1203125 0.2390625
29 0.2015625 0.453125 0.196875 0.203125
29 0.38828125 0.8296875 0.2078125 0.1265625
29 0.65625 0.734375 0.309375 0.278125