29 0.2796875 0.24140625 0.5171875 0.43125
29 0.78046875 0.33046875 0.4390625 0.3671875
29 0.55 0.459375 0.4703125 0.4234375
29 0.3203125 0.703125 0.38125 0.3359375
29 0.190625 0.4765625 0.38125 0.303125
29 0.10390625 0.70859375 0.2078125 0.1984375
29 0.1109375 0.54609375 0.221875 0.2046875
29 0.76875 0.8640625 0.340625 0.2234375
29 0.628125 0.659375 0.428125 0.3640625
29 0.875 0.75546875 0.2078125 0.2796875
29 0.86796875 0.6390625 0.253125 0.2140625
29 0.93515625 0.490625 0.1296875 0.25
29 0.8015625 0.4953125 0.21875 0.2234375
29 0.56484375 0.8421875 0.21875 0.1515625
29 0.3125 0.71015625 0.3375 0.3125