21 0.6390625 0.8453125 0.25 0.2375
21 0.4984375 0.8859375 0.18125 0.228125
21 0.6171875 0.9375 0.146875 0.125
21 0.49453125 0.74453125 0.153125 0.2109375
21 0.32421875 0.70390625 0.2953125 0.3140625
21 0.33671875 0.553125 0.3421875 0.2125
21 0.38984375 0.4453125 0.45 0.275
21 0.3609375 0.225 0.3171875 0.284375
21 0.4859375 0.11875 0.3 0.2375
21 0.5234375 0.24140625 0.228125 0.3609375
21 0.6234375 0.346875 0.2828125 0.25
21 0.62890625 0.56875 0.20625 0.3484375
21 0.75234375 0.59765625 0.19375 0.3671875
21 0.77578125 0.3125 0.2203125 0.209375
21 0.8078125 0.2609375 0.1796875 0.2078125
21 0.653125 0.71171875 0.1515625 0.19375