21 0.65703125 0.1625 0.2421875 0.228125
21 0.51875 0.1125 0.171875 0.225
21 0.640625 0.0640625 0.140625 0.128125
21 0.50703125 0.25546875 0.14375 0.20625
21 0.33515625 0.2875 0.284375 0.303125
21 0.33984375 0.43828125 0.3375 0.196875
21 0.38671875 0.54921875 0.44375 0.25625
21 0.346875 0.76796875 0.3078125 0.271875
21 0.465625 0.8828125 0.290625 0.234375
21 0.509375 0.76015625 0.2125 0.3546875
21 0.615625 0.659375 0.275 0.2390625
21 0.6328125 0.43828125 0.190625 0.34375
21 0.75703125 0.415625 0.1765625 0.3625
21 0.765625 0.7015625 0.2125 0.2
21 0.79453125 0.7546875 0.171875 0.2015625
21 0.6640625 0.29609375 0.14375 0.1890625