21 0.33125 0.83203125 0.2359375 0.221875
21 0.46640625 0.8875 0.1640625 0.225
21 0.34296875 0.93359375 0.1359375 0.1328125
21 0.484375 0.74453125 0.1375 0.203125
21 0.65703125 0.71796875 0.275 0.2953125
21 0.6578125 0.5671875 0.3328125 0.1875
21 0.61484375 0.4546875 0.4375 0.2421875
21 0.6625 0.2375 0.3015625 0.2625
21 0.5484375 0.115625 0.284375 0.23125
21 0.49921875 0.23984375 0.2015625 0.3515625
21 0.38984375 0.33671875 0.26875 0.23125
21 0.365625 0.55703125 0.1796875 0.340625
21 0.23984375 0.575 0.165625 0.359375
21 0.24140625 0.2890625 0.2078125 0.1953125
21 0.21484375 0.23515625 0.165625 0.196875
21 0.32890625 0.69765625 0.1375 0.1859375