21 0.6265625 0.15 0.2546875 0.24375
21 0.484375 0.11484375 0.1875 0.2296875
21 0.60078125 0.0609375 0.1515625 0.121875
21 0.4859375 0.25546875 0.159375 0.2140625
21 0.3171875 0.30234375 0.303125 0.3203125
21 0.33515625 0.45234375 0.3453125 0.221875
21 0.39140625 0.55859375 0.453125 0.2890625
21 0.3703125 0.7796875 0.3234375 0.2921875
21 0.5 0.87890625 0.30625 0.2421875
21 0.53203125 0.7578125 0.2390625 0.3640625
21 0.62890625 0.64921875 0.2890625 0.2578125
21 0.6265625 0.4265625 0.215625 0.3515625
21 0.74921875 0.39375 0.2046875 0.36875
21 0.78203125 0.678125 0.225 0.2140625
21 0.815625 0.728125 0.184375 0.2109375
21 0.6453125 0.2828125 0.15625 0.196875