21 0.29765625 0.1875 0.215625 0.20078125
21 0.42578125 0.11171875 0.14140625 0.2234375
21 0.29765625 0.07265625 0.121875 0.14453125
21 0.45859375 0.25859375 0.11875 0.1921875
21 0.63359375 0.26640625 0.2484375 0.27109375
21 0.65 0.41640625 0.31875 0.1546875
21 0.61875 0.5328125 0.41953125 0.19921875
21 0.6890625 0.74375 0.278125 0.23515625
21 0.5890625 0.88671875 0.26171875 0.225
21 0.5265625 0.75859375 0.16796875 0.33515625
21 0.4078125 0.67421875 0.2484375 0.20703125
21 0.36015625 0.45703125 0.14609375 0.32734375
21 0.23359375 0.45234375 0.1296875 0.3484375
21 0.26484375 0.73671875 0.190625 0.17578125
21 0.24375 0.79296875 0.14765625 0.1828125
21 0.309375 0.32109375 0.1203125 0.17421875