5 0.94453125 0.53359375 0.0765625 0.1484375
5 0.91015625 0.43203125 0.075 0.159375
5 0.8046875 0.5375 0.1078125 0.1578125
5 0.628125 0.5078125 0.078125 0.084375
5 0.61171875 0.41875 0.0875 0.15625
5 0.58671875 0.3484375 0.0828125 0.13125
5 0.57578125 0.51796875 0.096875 0.1578125
5 0.5328125 0.58671875 0.08125 0.134375
5 0.5046875 0.47890625 0.0828125 0.1140625
5 0.4765625 0.60078125 0.0578125 0.1171875
5 0.359375 0.46484375 0.0859375 0.121875
5 0.26015625 0.49765625 0.0640625 0.175
5 0.21328125 0.4453125 0.0828125 0.178125
5 0.16640625 0.4296875 0.0765625 0.13125
5 0.0953125 0.50390625 0.1046875 0.159375
5 0.08515625 0.36875 0.103125 0.2
5 0.03203125 0.4515625 0.0640625 0.1203125