5 0.9296875 0.38203125 0.0984375 0.1578125
5 0.915625 0.48828125 0.0984375 0.16875
5 0.7921875 0.4046875 0.13125 0.171875
5 0.62421875 0.46796875 0.090625 0.0953125
5 0.625 0.5578125 0.1109375 0.1671875
5 0.6140625 0.63203125 0.1015625 0.1421875
5 0.57109375 0.46796875 0.11875 0.1703125
5 0.515625 0.40859375 0.1015625 0.1453125
5 0.50859375 0.5203125 0.0984375 0.125
5 0.4578125 0.40625 0.075 0.125
5 0.36875 0.5609375 0.103125 0.1328125
5 0.26484375 0.54765625 0.090625 0.1828125
5 0.22890625 0.6078125 0.109375 0.1890625
5 0.1859375 0.63203125 0.0953125 0.140625
5 0.10234375 0.5734375 0.128125 0.1734375
5 0.11796875 0.7078125 0.1328125 0.2125
5 0.05 0.63671875 0.0828125 0.128125