21 0.51953125 0.8421875 0.2578125 0.1296875
21 0.76953125 0.83203125 0.1890625 0.16875
21 0.6109375 0.7359375 0.2296875 0.14375
21 0.71484375 0.62578125 0.171875 0.1734375
21 0.66015625 0.503125 0.1046875 0.0890625
21 0.5859375 0.33828125 0.15625 0.25
21 0.32578125 0.52109375 0.26875 0.1625
21 0.253125 0.465625 0.1984375 0.25
21 0.3578125 0.96796875 0.096875 0.0640625
21 0.36015625 0.3625 0.20625 0.1421875
21 0.42265625 0.26796875 0.1828125 0.1171875
21 0.49765625 0.10625 0.1921875 0.2125
21 0.284375 0.24296875 0.2 0.1328125
21 0.21328125 0.2875 0.1609375 0.1234375
21 0.27734375 0.08203125 0.1125 0.1171875
21 0.1703125 0.22421875 0.09375 0.0984375
21 0.178125 0.09609375 0.1484375 0.11875