21 0.16640625 0.57578125 0.121875 0.25625
21 0.10625 0.3328125 0.1640625 0.184375
21 0.24296875 0.45859375 0.1375 0.228125
21 0.3203125 0.328125 0.16875 0.1671875
21 0.453125 0.346875 0.0859375 0.1015625
21 0.63125 0.37265625 0.246875 0.15
21 0.52734375 0.6734375 0.1546875 0.265625
21 0.60078125 0.72734375 0.2453125 0.190625
21 0.07265625 0.76953125 0.0953125 0.0953125
21 0.67109375 0.59609375 0.1359375 0.203125
21 0.74453125 0.51015625 0.1125 0.18125
21 0.8859375 0.39140625 0.2234375 0.1859375
21 0.80625 0.63671875 0.1265625 0.196875
21 0.78359375 0.7171875 0.11875 0.1578125
21 0.953125 0.59921875 0.09375 0.1109375
21 0.85625 0.74140625 0.096875 0.090625
21 0.959375 0.696875 0.08125 0.146875