21 0.465625 0.840625 0.246875 0.0921875
21 0.7140625 0.8703125 0.16796875 0.14453125
21 0.57265625 0.75 0.215625 0.11171875
21 0.6921875 0.6578125 0.15 0.1515625
21 0.6578125 0.528125 0.09375 0.07578125
21 0.61015625 0.35390625 0.121875 0.23359375
21 0.32421875 0.49375 0.2515625 0.125
21 0.26171875 0.42734375 0.16484375 0.22734375
21 0.284375 0.95703125 0.08515625 0.08515625
21 0.38359375 0.3421875 0.190625 0.11328125
21 0.46015625 0.25859375 0.17109375 0.0921875
21 0.5609375 0.10390625 0.1625 0.20546875
21 0.32734375 0.2125 0.1859375 0.10546875
21 0.25 0.2453125 0.14609375 0.10234375
21 0.3453125 0.05234375 0.0984375 0.10234375
21 0.2171875 0.17578125 0.08046875 0.0875
21 0.2453125 0.05078125 0.13515625 0.0984375