21 0.42421875 0.83359375 0.25625 0.121875
21 0.6671875 0.89375 0.184375 0.1640625
21 0.54140625 0.75703125 0.228125 0.1375
21 0.671875 0.6796875 0.1671875 0.16875
21 0.653125 0.546875 0.1015625 0.0859375
21 0.62734375 0.36875 0.15 0.246875
21 0.3265625 0.47265625 0.265625 0.1546875
21 0.27265625 0.39921875 0.190625 0.2453125
21 0.23046875 0.92734375 0.0953125 0.0953125
21 0.40390625 0.32890625 0.203125 0.1359375
21 0.48984375 0.25546875 0.18125 0.1125
21 0.60859375 0.1140625 0.1859375 0.2234375
21 0.36328125 0.19375 0.196875 0.1265625
21 0.2828125 0.21640625 0.1578125 0.11875
21 0.40078125 0.046875 0.1109375 0.09375
21 0.25859375 0.14375 0.090625 0.096875
21 0.3015625 0.03984375 0.146875 0.0796875