21 0.56953125 0.83515625 0.2546875 0.1171875
21 0.32578125 0.890625 0.1828125 0.1609375
21 0.45390625 0.75625 0.2265625 0.134375
21 0.325 0.67734375 0.165625 0.1671875
21 0.34609375 0.54453125 0.1015625 0.0859375
21 0.375 0.36640625 0.1453125 0.2453125
21 0.67421875 0.47578125 0.2625 0.15
21 0.7296875 0.403125 0.1875 0.24375
21 0.7625 0.93203125 0.09375 0.09375
21 0.59921875 0.33125 0.2015625 0.1328125
21 0.5140625 0.25546875 0.1796875 0.109375
21 0.39765625 0.1125 0.1828125 0.221875
21 0.64140625 0.19609375 0.1953125 0.125
21 0.721875 0.2203125 0.15625 0.1171875
21 0.60625 0.046875 0.109375 0.09375
21 0.74765625 0.14765625 0.0890625 0.0953125
21 0.70546875 0.04140625 0.1453125 0.0828125