21 0.1578125 0.48359375 0.1046875 0.2515625
21 0.14140625 0.7328125 0.153125 0.175
21 0.25390625 0.5859375 0.1234375 0.221875
21 0.35234375 0.7 0.159375 0.1578125
21 0.48046875 0.659375 0.08125 0.096875
21 0.6515625 0.60234375 0.2390625 0.134375
21 0.496875 0.32421875 0.1375 0.2578125
21 0.56015625 0.25859375 0.2359375 0.1765625
21 0.03828125 0.30859375 0.0765625 0.0890625
21 0.6515625 0.37578125 0.1234375 0.196875
21 0.7390625 0.44765625 0.1015625 0.175
21 0.8953125 0.53984375 0.209375 0.1734375
21 0.778125 0.3125 0.115625 0.190625
21 0.74140625 0.23671875 0.109375 0.1515625
21 0.9390625 0.321875 0.1078125 0.103125
21 0.80859375 0.20078125 0.0921875 0.084375
21 0.93515625 0.221875 0.1046875 0.140625