21 0.37890625 0.1796875 0.2625 0.153125
21 0.6109375 0.0890625 0.2 0.178125
21 0.50546875 0.23984375 0.2375 0.1640625
21 0.64453125 0.29765625 0.184375 0.1859375
21 0.6453125 0.43203125 0.1109375 0.096875
21 0.64453125 0.6125 0.178125 0.2578125
21 0.33203125 0.5515625 0.275 0.1859375
21 0.28828125 0.63203125 0.21875 0.2625
21 0.1734375 0.1140625 0.1046875 0.1046875
21 0.428125 0.6828125 0.2140625 0.159375
21 0.52421875 0.74375 0.1890625 0.1328125
21 0.66171875 0.8671875 0.209375 0.240625
21 0.4078125 0.82265625 0.20625 0.15
21 0.32421875 0.8109375 0.1671875 0.1359375
21 0.465625 0.9546875 0.121875 0.090625
21 0.3109375 0.88671875 0.1 0.1046875
21 0.3703125 0.9671875 0.15625 0.065625