5 0.7515625 0.55078125 0.2875 0.8359375
5 0.55 0.83515625 0.290625 0.2390625
5 0.5828125 0.653125 0.2703125 0.2390625
5 0.63515625 0.521875 0.25625 0.2046875
5 0.6375 0.38359375 0.2484375 0.2046875
5 0.65859375 0.209375 0.246875 0.209375
5 0.4109375 0.88359375 0.253125 0.2328125
5 0.4078125 0.6890625 0.24375 0.221875
5 0.43125 0.48125 0.2765625 0.2609375
5 0.45546875 0.28828125 0.3 0.265625
5 0.521875 0.10625 0.25 0.2125
5 0.19921875 0.89609375 0.203125 0.1453125
5 0.259375 0.81328125 0.23125 0.1734375
5 0.23125 0.68671875 0.2203125 0.2203125
5 0.2671875 0.54375 0.2390625 0.2171875
5 0.2921875 0.34296875 0.2140625 0.1921875
5 0.3328125 0.13203125 0.221875 0.1859375