5 0.24375 0.50625 0.14765625 0.82265625
5 0.39296875 0.82109375 0.26015625 0.19765625
5 0.39140625 0.63671875 0.23984375 0.20078125
5 0.36328125 0.4984375 0.23046875 0.16796875
5 0.38515625 0.36171875 0.2234375 0.16796875
5 0.39453125 0.1859375 0.2203125 0.17421875
5 0.51953125 0.89609375 0.221875 0.20234375
5 0.5578125 0.70234375 0.2140625 0.1875
5 0.57109375 0.49375 0.24140625 0.221875
5 0.58046875 0.29921875 0.26484375 0.2234375
5 0.54765625 0.1 0.21875 0.19609375
5 0.72734375 0.9421875 0.1859375 0.11484375
5 0.6828125 0.85 0.21015625 0.13984375
5 0.73203125 0.73046875 0.190625 0.190625
5 0.721875 0.58359375 0.21015625 0.1828125
5 0.73203125 0.38125 0.1890625 0.1625
5 0.72890625 0.16640625 0.19765625 0.1546875