5 0.75390625 0.53359375 0.275 0.8359375
5 0.65625 0.19921875 0.2875 0.2359375
5 0.62890625 0.38203125 0.26875 0.2359375
5 0.63515625 0.52265625 0.2546875 0.2015625
5 0.5921875 0.6546875 0.246875 0.2015625
5 0.5546875 0.8265625 0.2453125 0.20625
5 0.54296875 0.1109375 0.2515625 0.221875
5 0.47421875 0.29140625 0.240625 0.21875
5 0.42890625 0.4953125 0.2734375 0.25625
5 0.3890625 0.6859375 0.296875 0.2625
5 0.390625 0.88671875 0.246875 0.2265625
5 0.34453125 0.04921875 0.2015625 0.0984375
5 0.37421875 0.12578125 0.2296875 0.1703125
5 0.30703125 0.2359375 0.21875 0.21875
5 0.29375 0.3828125 0.2359375 0.2140625
5 0.25234375 0.58125 0.2125 0.190625
5 0.221875 0.79375 0.21875 0.184375