28 0.71171875 0.075 0.1484375 0.15
28 0.69609375 0.2125 0.21875 0.171875
28 0.71796875 0.30703125 0.2125 0.1859375
28 0.7453125 0.5328125 0.2578125 0.3625
28 0.78671875 0.753125 0.225 0.2421875
28 0.5890625 0.83984375 0.353125 0.3203125
28 0.5578125 0.54921875 0.315625 0.3828125
28 0.55390625 0.296875 0.2234375 0.2578125
28 0.553125 0.0984375 0.253125 0.196875
28 0.440625 0.14609375 0.1625 0.1703125
28 0.346875 0.36171875 0.2890625 0.3296875
28 0.33046875 0.63671875 0.1921875 0.3
28 0.3078125 0.88359375 0.20625 0.2328125
28 0.2203125 0.4296875 0.184375 0.2796875
28 0.2671875 0.1328125 0.190625 0.225
28 0.16640625 0.159375 0.153125 0.2390625