28 0.0953125 0.78671875 0.1828125 0.125
28 0.25078125 0.74296875 0.146875 0.2015625
28 0.3484375 0.74765625 0.1609375 0.19375
28 0.575 0.73515625 0.3375 0.2140625
28 0.7984375 0.73828125 0.2171875 0.196875
28 0.85546875 0.52734375 0.2890625 0.3171875
28 0.55859375 0.5484375 0.35 0.2703125
28 0.309375 0.58828125 0.234375 0.19375
28 0.09921875 0.625 0.196875 0.228125
28 0.14140625 0.503125 0.153125 0.14375
28 0.33671875 0.3734375 0.2984375 0.25
28 0.60546875 0.309375 0.2828125 0.1546875
28 0.8453125 0.24375 0.2125 0.1796875
28 0.38203125 0.2375 0.2625 0.15
28 0.09921875 0.33359375 0.1984375 0.1640625
28 0.109375 0.23046875 0.21875 0.1234375