5 0.75 0.44375 0.3421875 0.834375
5 0.68125 0.7859375 0.3 0.2546875
5 0.63828125 0.60625 0.28125 0.253125
5 0.63203125 0.465625 0.2640625 0.21875
5 0.578125 0.33828125 0.2578125 0.2171875
5 0.5265625 0.16953125 0.25625 0.221875
5 0.57578125 0.88203125 0.2640625 0.2359375
5 0.49296875 0.71015625 0.253125 0.234375
5 0.4296875 0.5109375 0.2875 0.2734375
5 0.3734375 0.325 0.3109375 0.28125
5 0.35703125 0.1234375 0.259375 0.24375
5 0.38671875 0.953125 0.2078125 0.09375
5 0.40703125 0.88359375 0.2375 0.1859375
5 0.33046875 0.7796875 0.23125 0.23125
5 0.3046875 0.63515625 0.2484375 0.228125
5 0.24609375 0.440625 0.2234375 0.203125
5 0.196875 0.23203125 0.2296875 0.1984375