28 0.87578125 0.17734375 0.1640625 0.20625
28 0.7953125 0.3171875 0.2296875 0.1890625
28 0.77734375 0.4125 0.225 0.2015625
28 0.71015625 0.6296875 0.2875 0.3765625
28 0.659375 0.84765625 0.2421875 0.25625
28 0.44140625 0.83671875 0.3765625 0.3265625
28 0.5328125 0.56875 0.3453125 0.4015625
28 0.63203125 0.33671875 0.2421875 0.271875
28 0.71796875 0.14140625 0.2671875 0.2453125
28 0.58984375 0.153125 0.175 0.18125
28 0.41640625 0.3109375 0.3125 0.3484375
28 0.2890625 0.55625 0.2171875 0.309375
28 0.16796875 0.7734375 0.2234375 0.2484375
28 0.2734375 0.321875 0.2078125 0.2890625
28 0.43671875 0.09296875 0.2078125 0.1859375
28 0.33359375 0.08828125 0.1734375 0.1765625