28 0.1859375 0.11640625 0.1375 0.190625
28 0.240625 0.26875 0.2109375 0.159375
28 0.2421875 0.365625 0.203125 0.1734375
28 0.2703125 0.59140625 0.2375 0.35
28 0.2828125 0.81484375 0.2109375 0.2296875
28 0.49609375 0.85 0.3359375 0.3
28 0.45625 0.56171875 0.29375 0.3671875
28 0.3984375 0.315625 0.2078125 0.2453125
28 0.34765625 0.10859375 0.240625 0.2125
28 0.471875 0.1421875 0.1546875 0.1625
28 0.61484375 0.328125 0.2703125 0.3140625
28 0.69765625 0.59140625 0.1734375 0.2921875
28 0.7796875 0.8265625 0.19375 0.225
28 0.75390625 0.3640625 0.16875 0.271875
28 0.6375 0.096875 0.178125 0.19375
28 0.74140625 0.10234375 0.1390625 0.2046875