28 0.1390625 0.159375 0.1984375 0.1484375
28 0.2875 0.225 0.171875 0.21875
28 0.384375 0.23359375 0.1859375 0.2125
28 0.60703125 0.27734375 0.3625 0.2578125
28 0.82890625 0.30546875 0.2421875 0.225
28 0.8453125 0.521875 0.309375 0.353125
28 0.56484375 0.46015625 0.3828125 0.315625
28 0.3234375 0.3859375 0.2578125 0.2234375
28 0.1203125 0.3203125 0.2265625 0.253125
28 0.1453125 0.446875 0.1703125 0.1625
28 0.32109375 0.603125 0.3296875 0.2890625
28 0.57734375 0.70390625 0.3 0.1921875
28 0.80625 0.8015625 0.234375 0.20625
28 0.346875 0.74375 0.2796875 0.184375
28 0.09453125 0.6078125 0.1890625 0.190625
28 0.09609375 0.7125 0.1921875 0.153125