5 0.74921875 0.559375 0.315625 0.8359375
5 0.53828125 0.83671875 0.2953125 0.246875
5 0.578125 0.65625 0.2765625 0.246875
5 0.634375 0.5265625 0.2609375 0.2125
5 0.64140625 0.38828125 0.253125 0.2109375
5 0.66875 0.21484375 0.2515625 0.215625
5 0.3984375 0.88046875 0.259375 0.2390625
5 0.4015625 0.6859375 0.2484375 0.228125
5 0.43203125 0.47890625 0.2828125 0.2671875
5 0.46328125 0.28671875 0.30625 0.2734375
5 0.53671875 0.10859375 0.2546875 0.2171875
5 0.1859375 0.88515625 0.20625 0.1515625
5 0.2484375 0.8046875 0.234375 0.18125
5 0.225 0.67734375 0.2265625 0.2265625
5 0.265625 0.5359375 0.24375 0.221875
5 0.29765625 0.3359375 0.21875 0.1984375
5 0.3453125 0.12578125 0.225 0.1921875