5 0.75625 0.50234375 0.1765625 0.8265625
5 0.61796875 0.1828125 0.2671875 0.20625
5 0.61328125 0.3671875 0.246875 0.209375
5 0.63671875 0.50625 0.2359375 0.1765625
5 0.61015625 0.6421875 0.2296875 0.175
5 0.59453125 0.8171875 0.2265625 0.18125
5 0.49375 0.10390625 0.228125 0.2078125
5 0.44921875 0.29609375 0.2203125 0.1953125
5 0.42890625 0.50390625 0.2484375 0.2296875
5 0.4125 0.69765625 0.271875 0.2328125
5 0.43828125 0.8984375 0.225 0.203125
5 0.28828125 0.05546875 0.1890625 0.1109375
5 0.3296875 0.14375 0.215625 0.146875
5 0.27578125 0.26171875 0.196875 0.196875
5 0.28125 0.40859375 0.2171875 0.190625
5 0.2640625 0.6109375 0.1953125 0.16875
5 0.259375 0.82578125 0.203125 0.1609375