28 0.090625 0.2203125 0.18125 0.121875
28 0.246875 0.26171875 0.14296875 0.19921875
28 0.34375 0.2546875 0.1578125 0.190625
28 0.57109375 0.26328125 0.33359375 0.20859375
28 0.79453125 0.25625 0.2140625 0.19375
28 0.85546875 0.465625 0.2859375 0.3125
28 0.5578125 0.45078125 0.3453125 0.26484375
28 0.3078125 0.41484375 0.23046875 0.1890625
28 0.096875 0.38203125 0.19375 0.225
28 0.14140625 0.503125 0.15 0.14140625
28 0.3390625 0.6296875 0.29453125 0.2453125
28 0.60859375 0.6890625 0.2796875 0.15
28 0.85 0.75 0.21015625 0.17578125
28 0.38671875 0.76484375 0.26015625 0.14609375
28 0.1 0.67265625 0.2 0.1609375
28 0.11171875 0.7765625 0.2234375 0.1203125