5 0.24375 0.4890625 0.1625 0.825
5 0.3984375 0.17734375 0.2640625 0.2015625
5 0.39375 0.36171875 0.24375 0.2046875
5 0.36328125 0.49921875 0.2328125 0.171875
5 0.3828125 0.6359375 0.2265625 0.171875
5 0.3890625 0.8125 0.2234375 0.178125
5 0.5265625 0.1046875 0.225 0.20625
5 0.56171875 0.2984375 0.2171875 0.190625
5 0.57109375 0.5078125 0.2453125 0.2265625
5 0.5765625 0.70234375 0.26875 0.228125
5 0.540625 0.9 0.221875 0.2
5 0.73515625 0.06171875 0.1875 0.11875
5 0.6890625 0.153125 0.2125 0.14375
5 0.7359375 0.2734375 0.19375 0.19375
5 0.7234375 0.4203125 0.2140625 0.1859375
5 0.7296875 0.62265625 0.1921875 0.165625
5 0.7234375 0.8375 0.2 0.1578125