21 0.3578125 0.675 0.2578125 0.146875
21 0.37265625 0.42734375 0.1734375 0.1078125
21 0.45078125 0.2671875 0.178125 0.096875
21 0.45 0.2 0.16875 0.09375
21 0.33515625 0.11171875 0.175 0.1375
21 0.25390625 0.3625 0.24375 0.096875
21 0.1765625 0.69765625 0.0796875 0.125
21 0.81015625 0.859375 0.21875 0.18125
21 0.7671875 0.63515625 0.2390625 0.2046875
21 0.68125 0.6015625 0.19375 0.128125
21 0.5375 0.52421875 0.2203125 0.134375
21 0.57265625 0.4234375 0.1796875 0.103125
21 0.67421875 0.45859375 0.14375 0.0875
21 0.58671875 0.3125 0.2078125 0.140625
21 0.64765625 0.22265625 0.2046875 0.1296875
21 0.71640625 0.27734375 0.1484375 0.1171875
21 0.59296875 0.090625 0.1703125 0.14375
21 0.72265625 0.0796875 0.2265625 0.159375