21 0.67734375 0.3609375 0.259375 0.1515625
21 0.6078125 0.59921875 0.175 0.109375
21 0.49609375 0.73828125 0.1796875 0.0984375
21 0.48046875 0.80390625 0.16875 0.096875
21 0.5734375 0.91484375 0.1765625 0.140625
21 0.70859375 0.6890625 0.24375 0.1015625
21 0.859375 0.38046875 0.08125 0.1265625
21 0.27734375 0.0859375 0.2203125 0.171875
21 0.2703125 0.3078125 0.2421875 0.2078125
21 0.34609375 0.36015625 0.1953125 0.13125
21 0.46953125 0.46796875 0.221875 0.1375
21 0.41171875 0.55859375 0.1796875 0.1046875
21 0.32109375 0.50078125 0.1453125 0.090625
21 0.3734375 0.66328125 0.209375 0.14375
21 0.29375 0.73671875 0.20625 0.1328125
21 0.2390625 0.66875 0.15 0.1203125
21 0.3171875 0.878125 0.171875 0.146875
21 0.1875 0.8625 0.228125 0.1703125