21 0.62265625 0.6890625 0.1703125 0.2671875
21 0.3921875 0.5984375 0.1234375 0.1796875
21 0.26328125 0.475 0.1125 0.184375
21 0.19921875 0.4546875 0.109375 0.1734375
21 0.0796875 0.53671875 0.153125 0.184375
21 0.29296875 0.69140625 0.1203125 0.246875
21 0.5875 0.86875 0.1296875 0.090625
21 0.91875 0.315625 0.1625 0.23125
21 0.7109375 0.2875 0.225 0.2546875
21 0.653125 0.359375 0.1453125 0.2015625
21 0.534375 0.471875 0.1546875 0.2296875
21 0.44921875 0.40703125 0.11875 0.184375
21 0.51484375 0.321875 0.1015625 0.1484375
21 0.3484375 0.36015625 0.1578125 0.2171875
21 0.28203125 0.27421875 0.1484375 0.2125
21 0.3546875 0.22578125 0.1296875 0.15625
21 0.1390625 0.28515625 0.1578125 0.18125
21 0.16640625 0.15703125 0.1875 0.2375