21 0.340625 0.659375 0.246875 0.121875
21 0.38125 0.41484375 0.16484375 0.090625
21 0.475 0.26328125 0.17109375 0.07890625
21 0.48203125 0.19609375 0.1609375 0.07734375
21 0.3765625 0.096875 0.1625 0.121875
21 0.26953125 0.3375 0.23671875 0.07265625
21 0.1578125 0.6625 0.0671875 0.11875
21 0.77109375 0.88984375 0.20234375 0.1609375
21 0.7515625 0.6625 0.221875 0.1828125
21 0.66953125 0.6203125 0.1828125 0.11015625
21 0.534375 0.528125 0.21015625 0.11328125
21 0.58046875 0.43125 0.17109375 0.08515625
21 0.67734375 0.47734375 0.13671875 0.07421875
21 0.60546875 0.32265625 0.19609375 0.1203125
21 0.67578125 0.23984375 0.19375 0.11015625
21 0.73828125 0.30078125 0.13828125 0.10390625
21 0.63515625 0.10234375 0.1578125 0.128125
21 0.76640625 0.10234375 0.2125 0.14609375