21 0.61953125 0.69140625 0.175 0.2671875
21 0.390625 0.596875 0.125 0.18125
21 0.2640625 0.47109375 0.115625 0.184375
21 0.2 0.44921875 0.1109375 0.1734375
21 0.0796875 0.5296875 0.1546875 0.1859375
21 0.28984375 0.68828125 0.1234375 0.246875
21 0.58125 0.8703125 0.13125 0.0921875
21 0.91953125 0.32265625 0.1609375 0.2328125
21 0.71484375 0.29140625 0.228125 0.2578125
21 0.65546875 0.36171875 0.1484375 0.203125
21 0.53515625 0.47265625 0.1578125 0.2296875
21 0.45078125 0.40625 0.121875 0.1859375
21 0.51796875 0.321875 0.103125 0.15
21 0.35078125 0.35703125 0.1609375 0.21875
21 0.2859375 0.2703125 0.1515625 0.2140625
21 0.359375 0.22265625 0.1328125 0.1578125
21 0.14296875 0.27890625 0.1609375 0.1828125
21 0.17265625 0.15078125 0.190625 0.240625