28 0.4921875 0.49296875 0.825 0.8703125
25 0.20390625 0.76640625 0.1140625 0.1359375
25 0.6234375 0.75078125 0.2515625 0.153125
25 0.509375 0.52265625 0.1125 0.153125
25 0.365625 0.40859375 0.209375 0.159375
25 0.678125 0.56484375 0.1015625 0.184375
25 0.39921875 0.1828125 0.2140625 0.11875
25 0.38828125 0.82421875 0.2078125 0.125
25 0.63359375 0.84296875 0.0703125 0.0921875
25 0.80234375 0.51875 0.0953125 0.1515625
25 0.27734375 0.66328125 0.1234375 0.171875
25 0.190625 0.53828125 0.1484375 0.0859375