21 0.340625 0.340625 0.121875 0.246875
21 0.58515625 0.38125 0.090625 0.16484375
21 0.73671875 0.475 0.07890625 0.17109375
21 0.80390625 0.48203125 0.07734375 0.1609375
21 0.903125 0.3765625 0.121875 0.1625
21 0.6625 0.26953125 0.07265625 0.23671875
21 0.3375 0.1578125 0.11875 0.0671875
21 0.11015625 0.77109375 0.1609375 0.20234375
21 0.3375 0.7515625 0.1828125 0.221875
21 0.3796875 0.66953125 0.11015625 0.1828125
21 0.471875 0.534375 0.11328125 0.21015625
21 0.56875 0.58046875 0.08515625 0.17109375
21 0.52265625 0.67734375 0.07421875 0.13671875
21 0.67734375 0.60546875 0.1203125 0.19609375
21 0.76015625 0.67578125 0.11015625 0.19375
21 0.69921875 0.73828125 0.10390625 0.13828125
21 0.89765625 0.63515625 0.128125 0.1578125
21 0.89765625 0.76640625 0.14609375 0.2125