28 0.20625 0.76328125 0.2234375 0.1609375
28 0.1640625 0.709375 0.1875 0.128125
28 0.0734375 0.65859375 0.13125 0.178125
28 0.93203125 0.4671875 0.1359375 0.15
28 0.94453125 0.34609375 0.1015625 0.19375
28 0.43046875 0.66484375 0.19375 0.190625
28 0.54296875 0.63203125 0.15 0.184375
28 0.62265625 0.56796875 0.196875 0.175
28 0.7828125 0.5734375 0.2015625 0.178125
28 0.684375 0.64921875 0.14375 0.1203125
28 0.68515625 0.47421875 0.2140625 0.184375
28 0.790625 0.44921875 0.121875 0.13125
28 0.75625 0.371875 0.1796875 0.1578125
28 0.51875 0.471875 0.196875 0.1890625
28 0.384375 0.53203125 0.1859375 0.1765625
28 0.265625 0.5671875 0.196875 0.15625
28 0.26015625 0.46328125 0.1890625 0.18125
28 0.403125 0.40390625 0.20625 0.1921875
28 0.59375 0.34609375 0.2140625 0.2203125
28 0.315625 0.665625 0.15 0.1546875