28 0.62109375 0.125 0.15 0.2171875
28 0.5546875 0.1078125 0.1171875 0.184375
28 0.47109375 0.053125 0.1734375 0.10625
28 0.65 0.91640625 0.14375 0.1453125
28 0.53984375 0.96171875 0.1921875 0.0765625
28 0.621875 0.36953125 0.18125 0.1859375
28 0.63828125 0.4859375 0.178125 0.140625
28 0.61171875 0.584375 0.165625 0.1890625
28 0.68203125 0.728125 0.1671875 0.19375
28 0.7109375 0.6078125 0.1125 0.1390625
28 0.5515625 0.6796875 0.175 0.20625
28 0.571875 0.78671875 0.125 0.115625
28 0.48671875 0.7859375 0.1484375 0.1734375
28 0.48203125 0.52890625 0.1796875 0.1890625
28 0.48203125 0.38125 0.1671875 0.178125
28 0.46640625 0.25859375 0.146875 0.190625
28 0.36875 0.29609375 0.1734375 0.18125
28 0.37265625 0.45 0.1828125 0.1984375
28 0.39765625 0.6484375 0.2125 0.203125
28 0.5765625 0.2640625 0.146875 0.14375