28 0.1484375 0.678125 0.203125 0.1203125
28 0.12109375 0.615625 0.171875 0.0921875
28 0.04765625 0.54296875 0.0953125 0.1609375
28 0.934375 0.58359375 0.128125 0.125
28 0.96875 0.46640625 0.0625 0.1859375
28 0.390625 0.64140625 0.1640625 0.159375
28 0.5078125 0.63828125 0.1171875 0.1625
28 0.60078125 0.596875 0.1703125 0.140625
28 0.75390625 0.64453125 0.175 0.1421875
28 0.63984375 0.69140625 0.1265625 0.09375
28 0.6859375 0.52265625 0.1875 0.1484375
28 0.79375 0.5265625 0.1 0.1125
28 0.78046875 0.4421875 0.15625 0.1265625
28 0.52578125 0.478125 0.1671875 0.15625
28 0.3796875 0.50078125 0.159375 0.1453125
28 0.25625 0.5046875 0.175 0.121875
28 0.278125 0.40234375 0.1609375 0.15
28 0.43125 0.38203125 0.1765625 0.1578125
28 0.63046875 0.37578125 0.178125 0.1875
28 0.27890625 0.6125 0.125 0.1296875