9 0.3703125 0.7453125 0.20390625 0.26015625
9 0.625 0.94765625 0.23828125 0.10390625
9 0.35546875 0.23359375 0.19921875 0.18125
9 0.440625 0.475 0.1546875 0.17890625
9 0.32109375 0.96015625 0.17265625 0.07734375
9 0.66640625 0.7546875 0.19921875 0.17890625
8 0.67890625 0.35 0.32890625 0.16640625
8 0.1921875 0.60390625 0.13515625 0.3109375
8 0.19375 0.20859375 0.13828125 0.11015625
8 0.66796875 0.58203125 0.29765625 0.13125
8 0.55234375 0.215625 0.1296875 0.10703125
8 0.70546875 0.20234375 0.10859375 0.14296875