28 0.29140625 0.165625 0.1296875 0.2078125
28 0.35234375 0.1328125 0.1 0.1765625
28 0.4171875 0.05234375 0.165625 0.1046875
28 0.4546875 0.9359375 0.13125 0.128125
28 0.5734375 0.9640625 0.1875 0.071875
28 0.35 0.403125 0.1671875 0.171875
28 0.3625 0.51953125 0.16875 0.1265625
28 0.41171875 0.60859375 0.15 0.1765625
28 0.378125 0.765625 0.1515625 0.18125
28 0.32109375 0.65546875 0.1 0.13125
28 0.49375 0.68671875 0.1578125 0.19375
28 0.49921875 0.7953125 0.1171875 0.10625
28 0.58203125 0.775 0.134375 0.1625
28 0.52421875 0.5234375 0.1640625 0.175
28 0.48828125 0.38046875 0.153125 0.165625
28 0.47421875 0.2578125 0.13125 0.18125
28 0.578125 0.2703125 0.1578125 0.1671875
28 0.6109375 0.42109375 0.1671875 0.184375
28 0.63515625 0.61875 0.1953125 0.1859375
28 0.36875 0.28984375 0.1359375 0.1328125