28 0.26328125 0.815625 0.146875 0.2171875
28 0.32109375 0.853125 0.1140625 0.1828125
28 0.37890625 0.9390625 0.171875 0.11875
28 0.49296875 0.06484375 0.1421875 0.1296875
28 0.6140625 0.04375 0.190625 0.0875
28 0.3421875 0.58359375 0.1796875 0.1828125
28 0.36484375 0.46796875 0.1765625 0.1390625
28 0.421875 0.384375 0.1625 0.1875
28 0.40234375 0.225 0.165625 0.1921875
28 0.3359375 0.32890625 0.1109375 0.1375
28 0.51015625 0.31328125 0.171875 0.2046875
28 0.525 0.20546875 0.1234375 0.1140625
28 0.60546875 0.23359375 0.146875 0.171875
28 0.5265625 0.47890625 0.1765625 0.1875
28 0.478125 0.61796875 0.165625 0.1765625
28 0.453125 0.7390625 0.14375 0.1890625
28 0.5578125 0.73515625 0.1703125 0.1796875
28 0.60390625 0.58828125 0.1796875 0.196875
28 0.6453125 0.39296875 0.209375 0.2015625
28 0.35078125 0.69765625 0.1453125 0.1421875