28 0.684375 0.8484375 0.115625 0.2
28 0.621875 0.8765625 0.0890625 0.171875
28 0.55078125 0.95234375 0.159375 0.0953125
28 0.57578125 0.0640625 0.1234375 0.1265625
28 0.45859375 0.03125 0.184375 0.059375
28 0.64296875 0.60703125 0.15625 0.1609375
28 0.63828125 0.48984375 0.1609375 0.115625
28 0.5953125 0.39765625 0.1375 0.16875
28 0.63984375 0.24375 0.140625 0.171875
28 0.6890625 0.35703125 0.0921875 0.125
28 0.51953125 0.3140625 0.14375 0.184375
28 0.52109375 0.20546875 0.109375 0.0984375
28 0.4375 0.2203125 0.1234375 0.1546875
28 0.47734375 0.475 0.153125 0.165625
28 0.503125 0.6203125 0.14375 0.15625
28 0.50859375 0.74375 0.11875 0.171875
28 0.40625 0.7234375 0.146875 0.1578125
28 0.38359375 0.57109375 0.1546875 0.175
28 0.3734375 0.371875 0.184375 0.175
28 0.61640625 0.71875 0.128125 0.1234375