28 0.1515625 0.684375 0.20078125 0.11640625
28 0.1234375 0.621875 0.17109375 0.0890625
28 0.04765625 0.55078125 0.0953125 0.159375
28 0.9359375 0.57578125 0.1265625 0.1234375
28 0.96875 0.45859375 0.059375 0.184375
28 0.39296875 0.64296875 0.1609375 0.15625
28 0.51015625 0.63828125 0.11484375 0.1609375
28 0.60234375 0.5953125 0.16796875 0.13828125
28 0.75625 0.63984375 0.17265625 0.13984375
28 0.64296875 0.6890625 0.125 0.0921875
28 0.6859375 0.51953125 0.184375 0.14453125
28 0.79453125 0.52109375 0.0984375 0.11015625
28 0.7796875 0.4375 0.1546875 0.1234375
28 0.525 0.47734375 0.16484375 0.153125
28 0.3796875 0.503125 0.15625 0.14296875
28 0.25625 0.50859375 0.17265625 0.11875
28 0.2765625 0.40625 0.1578125 0.14765625
28 0.42890625 0.38359375 0.17421875 0.1546875
28 0.628125 0.3734375 0.17421875 0.184375
28 0.28125 0.61640625 0.1234375 0.128125