1 0.13671875 0.90390625 0.0640625 0.1140625
1 0.28203125 0.84609375 0.190625 0.1875
1 0.56796875 0.95703125 0.1578125 0.0859375
1 0.4578125 0.8578125 0.1625 0.1984375
1 0.7328125 0.95703125 0.1 0.0859375
1 0.64453125 0.8609375 0.1625 0.1328125
1 0.7640625 0.82734375 0.075 0.1296875
1 0.778125 0.65 0.0890625 0.1234375
1 0.65625 0.6796875 0.134375 0.1734375
1 0.503125 0.67890625 0.175 0.1625
1 0.34453125 0.64296875 0.1453125 0.1796875
1 0.1953125 0.6046875 0.109375 0.1546875
1 0.228125 0.43046875 0.1328125 0.1859375
1 0.40234375 0.4296875 0.15 0.1921875
1 0.56171875 0.5078125 0.159375 0.1765625
1 0.73515625 0.4859375 0.184375 0.20625
1 0.7765625 0.31015625 0.1703125 0.1453125
1 0.61328125 0.321875 0.196875 0.2015625
1 0.2984375 0.253125 0.2046875 0.16875
1 0.48515625 0.23125 0.1609375 0.1828125
1 0.30078125 0.09453125 0.171875 0.16875
1 0.4453125 0.046875 0.1875 0.09375
1 0.6359375 0.16015625 0.1921875 0.1359375
1 0.7796875 0.13984375 0.1421875 0.1609375
1 0.66875 0.0546875 0.2078125 0.096875