1 0.1421875 0.09140625 0.1171875 0.0765625
1 0.1828125 0.24140625 0.2046875 0.20625
1 0.04375 0.51015625 0.0875 0.1640625
1 0.15 0.4140625 0.2109375 0.18125
1 0.03203125 0.6734375 0.0640625 0.1125
1 0.12421875 0.59921875 0.1484375 0.1734375
1 0.14296875 0.72265625 0.134375 0.0890625
1 0.3171875 0.7578125 0.1296875 0.1015625
1 0.30234375 0.63359375 0.184375 0.15
1 0.321875 0.48125 0.178125 0.1875
1 0.3765625 0.328125 0.190625 0.1625
1 0.4328125 0.184375 0.1625 0.125
1 0.60234375 0.2390625 0.1953125 0.15
1 0.58125 0.41171875 0.203125 0.16875
1 0.48515625 0.5609375 0.190625 0.1765625
1 0.4859375 0.73515625 0.221875 0.203125
1 0.6546875 0.79765625 0.1609375 0.1828125
1 0.66328125 0.634375 0.21875 0.2140625
1 0.76953125 0.3296875 0.1875 0.21875
1 0.76875 0.51796875 0.1953125 0.178125
1 0.9171875 0.3515625 0.165625 0.1875
1 0.94921875 0.5015625 0.1015625 0.19375
1 0.82109375 0.6765625 0.1546875 0.2015625
1 0.8234375 0.82109375 0.171875 0.15625
1 0.92109375 0.721875 0.11875 0.2125