1 0.97109375 0.71015625 0.0578125 0.0734375
1 0.8984375 0.59375 0.2 0.2015625
1 0.91953125 0.2828125 0.115625 0.1625
1 0.85234375 0.4234375 0.2078125 0.1765625
1 0.8734375 0.12421875 0.128125 0.109375
1 0.79453125 0.24609375 0.14375 0.1703125
1 0.7234375 0.14296875 0.1328125 0.0859375
1 0.55078125 0.18828125 0.128125 0.0984375
1 0.61875 0.29375 0.18125 0.1453125
1 0.66796875 0.4390625 0.1734375 0.184375
1 0.6859375 0.6 0.1875 0.1578125
1 0.6984375 0.75390625 0.1609375 0.1203125
1 0.52265625 0.7796875 0.19375 0.1453125
1 0.465625 0.61484375 0.2 0.1640625
1 0.48671875 0.4390625 0.1875 0.171875
1 0.409375 0.28203125 0.2171875 0.1984375
1 0.23046875 0.3 0.15625 0.1796875
1 0.29453125 0.45078125 0.2140625 0.209375
1 0.33203125 0.77109375 0.1828125 0.215625
1 0.25078125 0.6015625 0.1921875 0.1734375
1 0.18125 0.8203125 0.1796875 0.1828125
1 0.08046875 0.7015625 0.1265625 0.1921875
1 0.134375 0.48203125 0.15 0.1984375
1 0.0765625 0.353125 0.153125 0.153125
1 0.03984375 0.48515625 0.0796875 0.2109375