1 0.18828125 0.9453125 0.0515625 0.109375
1 0.32578125 0.8703125 0.17109375 0.16796875
1 0.625 0.95546875 0.14765625 0.0875
1 0.5015625 0.86015625 0.14140625 0.1828125
1 0.78984375 0.94375 0.0875 0.11171875
1 0.6875 0.840625 0.15 0.11484375
1 0.80234375 0.79296875 0.0609375 0.1234375
1 0.79453125 0.61484375 0.07578125 0.11484375
1 0.67734375 0.659375 0.11484375 0.1609375
1 0.525 0.67734375 0.1578125 0.14453125
1 0.36328125 0.6609375 0.1265625 0.16484375
1 0.21015625 0.64140625 0.0921875 0.14453125
1 0.221875 0.4640625 0.11171875 0.17421875
1 0.39453125 0.4421875 0.1296875 0.17734375
1 0.5625 0.5 0.14140625 0.1609375
1 0.73203125 0.45703125 0.1625 0.1875
1 0.7515625 0.278125 0.15625 0.1265625
1 0.590625 0.309375 0.17578125 0.18125
1 0.26953125 0.2796875 0.1890625 0.14609375
1 0.45234375 0.23515625 0.14140625 0.16640625
1 0.253125 0.121875 0.1546875 0.1515625
1 0.38984375 0.04765625 0.17734375 0.0921875
1 0.59375 0.14609375 0.17890625 0.11484375
1 0.73359375 0.10859375 0.125 0.14609375
1 0.61328125 0.0375 0.20078125 0.07265625