21 0.346875 0.690625 0.1140625 0.1078125
21 0.31171875 0.58671875 0.1328125 0.0875
21 0.28046875 0.5140625 0.1390625 0.0921875
21 0.3640625 0.49453125 0.08125 0.10625
21 0.2734375 0.925 0.103125 0.103125
21 0.1765625 0.73671875 0.0640625 0.1515625
21 0.52421875 0.903125 0.16875 0.1609375
21 0.565625 0.778125 0.1859375 0.1296875
21 0.6125 0.62109375 0.115625 0.1046875
21 0.5203125 0.459375 0.13125 0.140625
21 0.46640625 0.2171875 0.146875 0.1015625
21 0.43671875 0.1453125 0.103125 0.0953125
21 0.52578125 0.0796875 0.1859375 0.159375
21 0.625 0.134375 0.1203125 0.0796875
21 0.71328125 0.390625 0.1234375 0.1203125
21 0.76640625 0.28203125 0.096875 0.103125
21 0.78515625 0.22421875 0.1078125 0.078125
21 0.77734375 0.13359375 0.096875 0.084375
21 0.7328125 0.0859375 0.1109375 0.1234375
21 0.74296875 0.54609375 0.159375 0.20625
21 0.7109375 0.82890625 0.1390625 0.196875
21 0.696875 0.97578125 0.10625 0.0484375