21 0.3609375 0.70078125 0.109375 0.1
21 0.31875 0.59921875 0.128125 0.0796875
21 0.28203125 0.5296875 0.134375 0.0828125
21 0.3640625 0.50390625 0.075 0.1015625
21 0.30390625 0.93984375 0.096875 0.0984375
21 0.19375 0.75859375 0.0546875 0.1484375
21 0.55234375 0.90078125 0.159375 0.1515625
21 0.58515625 0.77265625 0.1796875 0.11875
21 0.6203125 0.6125 0.109375 0.096875
21 0.51796875 0.4578125 0.1234375 0.134375
21 0.446875 0.2203125 0.1421875 0.0921875
21 0.4125 0.15078125 0.0984375 0.0890625
21 0.49609375 0.0765625 0.1765625 0.153125
21 0.59921875 0.1265625 0.115625 0.071875
21 0.70546875 0.37578125 0.1171875 0.1125
21 0.75078125 0.2640625 0.090625 0.0984375
21 0.76484375 0.20546875 0.1046875 0.0703125
21 0.75078125 0.11484375 0.0921875 0.078125
21 0.703125 0.07109375 0.1046875 0.11875
21 0.7453125 0.52890625 0.146875 0.1984375
21 0.73359375 0.81328125 0.1265625 0.190625
21 0.73203125 0.97109375 0.1015625 0.0578125