21 0.60625 0.7203125 0.109375 0.1015625
21 0.6640625 0.6265625 0.1296875 0.08125
21 0.7109375 0.56328125 0.1359375 0.0859375
21 0.63359375 0.525 0.0765625 0.103125
21 0.62421875 0.95703125 0.0984375 0.0859375
21 0.76171875 0.80390625 0.0578125 0.15
21 0.38515625 0.8875 0.1625 0.1546875
21 0.3734375 0.75625 0.18125 0.121875
21 0.36328125 0.5921875 0.1109375 0.1
21 0.4890625 0.45625 0.125 0.1359375
21 0.59609375 0.23203125 0.14375 0.0953125
21 0.64140625 0.16875 0.0984375 0.090625
21 0.56953125 0.08046875 0.178125 0.1609375
21 0.4609375 0.115625 0.1171875 0.0734375
21 0.31640625 0.3453125 0.11875 0.1140625
21 0.2890625 0.22734375 0.0921875 0.1
21 0.284375 0.1671875 0.1046875 0.071875
21 0.3125 0.08046875 0.09375 0.0796875
21 0.365625 0.05234375 0.10625 0.1046875
21 0.253125 0.48984375 0.15 0.2
21 0.2203125 0.77265625 0.1296875 0.1921875
21 0.196875 0.93828125 0.103125 0.08125