21 0.4296875 0.265625 0.121875 0.115625
21 0.3578125 0.34921875 0.1375 0.0984375
21 0.3015625 0.4046875 0.14375 0.103125
21 0.371875 0.4546875 0.090625 0.1109375
21 0.44921875 0.03828125 0.1109375 0.0765625
21 0.2890625 0.159375 0.078125 0.153125
21 0.67421875 0.13515625 0.1796875 0.1734375
21 0.665625 0.26640625 0.19375 0.1453125
21 0.64921875 0.43046875 0.1234375 0.1125
21 0.50390625 0.5453125 0.1421875 0.15
21 0.36328125 0.74921875 0.153125 0.1140625
21 0.30859375 0.8046875 0.109375 0.103125
21 0.365625 0.90390625 0.196875 0.1828125
21 0.47890625 0.8859375 0.1234375 0.0890625
21 0.65703125 0.68125 0.1328125 0.1296875
21 0.665625 0.80234375 0.1046875 0.109375
21 0.6609375 0.8625 0.1125 0.0859375
21 0.61953125 0.94375 0.103125 0.0921875
21 0.56015625 0.95234375 0.1203125 0.0953125
21 0.7421875 0.5484375 0.175 0.215625
21 0.81875 0.27421875 0.15625 0.2046875
21 0.8703125 0.1140625 0.1109375 0.09375