1 0.05390625 0.81015625 0.1078125 0.0515625
1 0.1296875 0.67421875 0.16796875 0.17109375
1 0.04453125 0.375 0.0875 0.14765625
1 0.13984375 0.4984375 0.1828125 0.14140625
1 0.05625 0.21015625 0.11171875 0.0875
1 0.159375 0.3125 0.11484375 0.15
1 0.20703125 0.19765625 0.1234375 0.0609375
1 0.38515625 0.20546875 0.11484375 0.07578125
1 0.340625 0.32265625 0.1609375 0.11484375
1 0.32265625 0.475 0.14453125 0.1578125
1 0.3390625 0.63671875 0.16484375 0.1265625
1 0.35859375 0.78984375 0.14453125 0.0921875
1 0.5359375 0.778125 0.17421875 0.11171875
1 0.5578125 0.60546875 0.17734375 0.1296875
1 0.5 0.4375 0.1609375 0.14140625
1 0.54296875 0.26796875 0.1875 0.1625
1 0.721875 0.2484375 0.1265625 0.15625
1 0.690625 0.409375 0.18125 0.17578125
1 0.7203125 0.73046875 0.14609375 0.1890625
1 0.76484375 0.54765625 0.16640625 0.14140625
1 0.878125 0.746875 0.1515625 0.1546875
1 0.95234375 0.61015625 0.0921875 0.17734375
1 0.85390625 0.40625 0.11484375 0.17890625
1 0.89140625 0.26640625 0.14609375 0.125
1 0.9625 0.38671875 0.07265625 0.20078125