1 0.890625 0.87734375 0.071875 0.1171875
1 0.74140625 0.83046875 0.2 0.196875
1 0.46328125 0.95703125 0.1609375 0.0859375
1 0.5671875 0.85390625 0.1734375 0.20625
1 0.29921875 0.96328125 0.1078125 0.0734375
1 0.38125 0.8703125 0.16875 0.140625
1 0.259375 0.8453125 0.0828125 0.1328125
1 0.2328125 0.66875 0.096875 0.1265625
1 0.35625 0.690625 0.14375 0.1796875
1 0.509375 0.67890625 0.1828125 0.171875
1 0.66484375 0.63203125 0.15625 0.1859375
1 0.81171875 0.58359375 0.11875 0.159375
1 0.76640625 0.41171875 0.1421875 0.1921875
1 0.5921875 0.4234375 0.1609375 0.1984375
1 0.43828125 0.51171875 0.16875 0.184375
1 0.2640625 0.50234375 0.1953125 0.215625
1 0.2109375 0.33046875 0.178125 0.1546875
1 0.375 0.33046875 0.2078125 0.2109375
1 0.684375 0.23984375 0.2140625 0.1796875
1 0.49609375 0.23125 0.1703125 0.190625
1 0.6703125 0.08515625 0.18125 0.1703125
1 0.52109375 0.0484375 0.1921875 0.096875
1 0.340625 0.1703125 0.196875 0.146875
1 0.19609375 0.16015625 0.15 0.1671875
1 0.30078125 0.06796875 0.2109375 0.109375