21 0.625 0.28984375 0.10234375 0.09375
21 0.67421875 0.38828125 0.1234375 0.07109375
21 0.715625 0.45546875 0.1296875 0.07421875
21 0.63515625 0.48671875 0.06875 0.096875
21 0.66484375 0.04765625 0.090625 0.0921875
21 0.7875 0.2203125 0.04453125 0.14609375
21 0.41953125 0.10390625 0.15 0.14140625
21 0.39609375 0.23359375 0.17265625 0.10703125
21 0.371875 0.39609375 0.10390625 0.090625
21 0.48515625 0.54296875 0.11484375 0.1265625
21 0.57265625 0.775 0.13671875 0.08359375
21 0.61171875 0.8421875 0.0921875 0.08359375
21 0.5328125 0.92421875 0.16640625 0.14765625
21 0.42734375 0.8796875 0.11171875 0.0640625
21 0.30390625 0.63828125 0.11015625 0.10546875
21 0.26640625 0.753125 0.08515625 0.0921875
21 0.25625 0.8125 0.1 0.0640625
21 0.2765625 0.9015625 0.0875 0.07265625
21 0.32734375 0.9421875 0.096875 0.11171875
21 0.253125 0.48828125 0.13359375 0.1890625
21 0.2453125 0.20390625 0.11484375 0.1828125
21 0.234375 0.0359375 0.096875 0.071875