9 0.25078125 0.2265625 0.115625 0.1578125
9 0.2 0.41484375 0.0828125 0.1
9 0.20703125 0.6125 0.115625 0.1125
9 0.37265625 0.24765625 0.1296875 0.15
9 0.28515625 0.4578125 0.128125 0.1375
9 0.30703125 0.671875 0.10625 0.109375
9 0.53984375 0.2546875 0.1484375 0.1765625
9 0.4328125 0.49921875 0.1296875 0.1328125
9 0.4828125 0.7453125 0.146875 0.1484375
9 0.609375 0.53828125 0.146875 0.1515625
9 0.7765625 0.28046875 0.175 0.190625
9 0.78984375 0.60859375 0.0921875 0.1328125
9 0.65625 0.81015625 0.15625 0.1640625