9 0.19921875 0.284375 0.0875 0.14296875
9 0.1890625 0.47890625 0.065625 0.0875
9 0.23671875 0.67109375 0.0984375 0.09375
9 0.32265625 0.2796875 0.10546875 0.13125
9 0.28125 0.503125 0.10546875 0.11875
9 0.346875 0.70859375 0.0890625 0.0921875
9 0.48828125 0.2515625 0.11875 0.1546875
9 0.434375 0.51328125 0.10859375 0.11328125
9 0.534375 0.74375 0.1234375 0.125
9 0.61484375 0.51484375 0.1234375 0.128125
9 0.725 0.22734375 0.14453125 0.16484375
9 0.80625 0.54609375 0.06875 0.121875
9 0.7171875 0.77109375 0.1296875 0.13984375