9 0.74453125 0.221875 0.1171875 0.159375
9 0.7984375 0.409375 0.084375 0.1
9 0.7953125 0.6078125 0.1171875 0.1140625
9 0.6234375 0.2453125 0.1328125 0.1515625
9 0.7140625 0.45390625 0.1296875 0.1390625
9 0.69609375 0.66875 0.1078125 0.109375
9 0.45546875 0.25546875 0.15 0.178125
9 0.5671875 0.4984375 0.13125 0.134375
9 0.52109375 0.7453125 0.1484375 0.15
9 0.39140625 0.540625 0.1484375 0.153125
9 0.21953125 0.28515625 0.178125 0.19375
9 0.21171875 0.6140625 0.09375 0.134375
9 0.34921875 0.81328125 0.1578125 0.165625