9 0.7765625 0.74609375 0.1015625 0.1515625
9 0.80703125 0.553125 0.075 0.09375
9 0.7796875 0.35703125 0.1078125 0.103125
9 0.653125 0.7375 0.11875 0.1421875
9 0.71796875 0.51953125 0.1171875 0.1296875
9 0.67421875 0.30859375 0.0984375 0.1015625
9 0.4859375 0.7484375 0.134375 0.165625
9 0.56640625 0.49375 0.1203125 0.1234375
9 0.49140625 0.25390625 0.1359375 0.1375
9 0.3875 0.4734375 0.1359375 0.140625
9 0.24765625 0.74765625 0.1609375 0.1796875
9 0.2 0.421875 0.08125 0.128125
9 0.3125 0.2078125 0.14375 0.153125