9 0.26875 0.7890625 0.146875 0.0953125
9 0.4625 0.809375 0.090625 0.0703125
9 0.65703125 0.771875 0.0984375 0.103125
9 0.27109375 0.665625 0.1359375 0.1125
9 0.49140625 0.71875 0.1234375 0.1109375
9 0.7 0.6640625 0.096875 0.09375
9 0.2515625 0.4984375 0.1609375 0.1265625
9 0.51015625 0.56640625 0.11875 0.1140625
9 0.7453125 0.478125 0.13125 0.1296875
9 0.52109375 0.3859375 0.134375 0.1296875
9 0.23984375 0.2609375 0.171875 0.153125
9 0.56171875 0.196875 0.125 0.075
9 0.78203125 0.29765625 0.146875 0.1375