9 0.715625 0.19921875 0.14296875 0.0875
9 0.52109375 0.1890625 0.0875 0.065625
9 0.32890625 0.23671875 0.09375 0.0984375
9 0.7203125 0.32265625 0.13125 0.10546875
9 0.496875 0.28125 0.11875 0.10546875
9 0.29140625 0.346875 0.0921875 0.0890625
9 0.7484375 0.48828125 0.1546875 0.11875
9 0.48671875 0.434375 0.11328125 0.10859375
9 0.25625 0.534375 0.125 0.1234375
9 0.48515625 0.61484375 0.128125 0.1234375
9 0.77265625 0.725 0.16484375 0.14453125
9 0.45390625 0.80625 0.121875 0.06875
9 0.22890625 0.7171875 0.13984375 0.1296875