9 0.18515625 0.30625 0.096875 0.1484375
9 0.18828125 0.50078125 0.071875 0.0921875
9 0.24921875 0.6890625 0.1046875 0.1
9 0.3078125 0.29296875 0.1140625 0.1390625
9 0.28203125 0.51875 0.1140625 0.1265625
9 0.36171875 0.71875 0.0953125 0.0984375
9 0.47109375 0.253125 0.1296875 0.1625
9 0.43515625 0.51796875 0.115625 0.1203125
9 0.5515625 0.740625 0.13125 0.1328125
9 0.615625 0.50703125 0.1328125 0.1359375
9 0.70546875 0.2125 0.15625 0.175
9 0.80859375 0.525 0.0765625 0.1265625
9 0.7359375 0.75546875 0.1390625 0.1484375