9 0.68828125 0.81875 0.15 0.1
9 0.49375 0.81171875 0.0921875 0.0734375
9 0.30625 0.74765625 0.1015625 0.10625
9 0.70390625 0.69609375 0.140625 0.1171875
9 0.478125 0.71796875 0.128125 0.115625
9 0.27890625 0.634375 0.1 0.096875
9 0.74609375 0.53359375 0.1640625 0.13125
9 0.48125 0.5640625 0.121875 0.11875
9 0.26015625 0.44453125 0.1359375 0.134375
9 0.4953125 0.384375 0.1390625 0.134375
9 0.79140625 0.3 0.1765625 0.1578125
9 0.48046875 0.190625 0.128125 0.0796875
9 0.24921875 0.26015625 0.15 0.140625