5 0.4609375 0.15234375 0.271875 0.3046875
5 0.3296875 0.31015625 0.290625 0.3546875
5 0.63984375 0.221875 0.240625 0.2078125
5 0.73203125 0.2984375 0.1078125 0.15
5 0.63515625 0.4484375 0.2234375 0.3515625
5 0.7390625 0.471875 0.1796875 0.2875
5 0.503125 0.45390625 0.20625 0.3765625
5 0.30703125 0.590625 0.259375 0.2296875
5 0.52578125 0.70625 0.225 0.253125
5 0.3390625 0.75703125 0.2796875 0.2609375
5 0.45 0.88828125 0.175 0.2234375
5 0.58125 0.821875 0.1984375 0.20625
5 0.68125 0.66640625 0.171875 0.171875