5 0.48828125 0.84140625 0.3078125 0.3171875
5 0.6421875 0.71171875 0.3328125 0.3859375
5 0.32265625 0.75625 0.2625 0.2359375
5 0.2421875 0.6671875 0.1265625 0.1609375
5 0.35859375 0.53203125 0.2671875 0.3734375
5 0.259375 0.49453125 0.215625 0.3046875
5 0.490625 0.5453125 0.253125 0.3953125
5 0.703125 0.43671875 0.284375 0.259375
5 0.503125 0.2921875 0.253125 0.278125
5 0.6953125 0.26796875 0.3078125 0.29375
5 0.60390625 0.121875 0.2015625 0.2421875
5 0.4640625 0.16953125 0.221875 0.228125
5 0.34375 0.31015625 0.190625 0.190625