5 0.63359375 0.17109375 0.3078125 0.3421875
5 0.715625 0.36484375 0.3328125 0.3859375
5 0.4421875 0.19375 0.2625 0.2359375
5 0.3328125 0.2421875 0.1265625 0.1609375
5 0.384375 0.41328125 0.2671875 0.3734375
5 0.27734375 0.40703125 0.215625 0.3046875
5 0.509375 0.4546875 0.253125 0.3953125
5 0.66015625 0.640625 0.284375 0.259375
5 0.41875 0.69140625 0.253125 0.278125
5 0.584375 0.7921875 0.3078125 0.29375
5 0.43984375 0.8828125 0.2015625 0.234375
5 0.3328125 0.7875 0.221875 0.228125
5 0.28046875 0.61015625 0.190625 0.190625