5 0.23828125 0.14453125 0.178125 0.2515625
5 0.2390625 0.3640625 0.140625 0.29375
5 0.28359375 0.06328125 0.16875 0.1015625
5 0.3390625 0.22578125 0.25625 0.3125
5 0.46171875 0.09765625 0.2828125 0.1953125
5 0.63671875 0.04453125 0.2328125 0.0890625
5 0.67734375 0.2046875 0.21875 0.3640625
5 0.5375 0.340625 0.2921875 0.359375
5 0.43515625 0.525 0.359375 0.3265625
5 0.29609375 0.60546875 0.2046875 0.3015625
5 0.58046875 0.71484375 0.3375 0.3140625
5 0.69453125 0.5140625 0.24375 0.3265625
5 0.77109375 0.80234375 0.15 0.296875
5 0.68125 0.9 0.3375 0.1984375
5 0.37265625 0.84921875 0.2828125 0.3015625