5 0.196875 0.17890625 0.2046875 0.265625
5 0.22421875 0.396875 0.1734375 0.3015625
5 0.23203125 0.09296875 0.1765625 0.11875
5 0.30703125 0.246875 0.2859375 0.3328125
5 0.41328125 0.10859375 0.2984375 0.2171875
5 0.57890625 0.04453125 0.2390625 0.0890625
5 0.6390625 0.1875 0.25625 0.375
5 0.51796875 0.3375 0.3265625 0.3828125
5 0.43828125 0.5328125 0.3875 0.359375
5 0.31015625 0.6296875 0.2359375 0.3171875
5 0.60625 0.703125 0.365625 0.3453125
5 0.6953125 0.490625 0.2765625 0.346875
5 0.80625 0.7671875 0.18125 0.30625
5 0.728125 0.875 0.35 0.234375
5 0.41640625 0.84921875 0.3140625 0.3015625