7 0.378125 0.23828125 0.14296875 0.14453125
7 0.67421875 0.29921875 0.16953125 0.16953125
7 0.71015625 0.46875 0.13359375 0.13984375
7 0.56875 0.67578125 0.0984375 0.1578125
7 0.32734375 0.69765625 0.11640625 0.184375
7 0.48828125 0.7171875 0.13984375 0.1546875
7 0.5984375 0.5015625 0.1921875 0.15625
34 0.60859375 0.17421875 0.128125 0.121875
34 0.44765625 0.32734375 0.11484375 0.1609375
34 0.27265625 0.3375 0.10859375 0.13515625
34 0.42890625 0.5359375 0.11484375 0.13515625
34 0.49375 0.63359375 0.0890625 0.14765625
34 0.684375 0.590625 0.13828125 0.06875
14 0.39140625 0.45234375 0.11640625 0.08359375
25 0.2765625 0.45234375 0.0640625 0.20703125