7 0.23828125 0.621875 0.14453125 0.14296875
7 0.29921875 0.32578125 0.16953125 0.16953125
7 0.46875 0.28984375 0.13984375 0.13359375
7 0.67578125 0.43125 0.1578125 0.0984375
7 0.69765625 0.67265625 0.184375 0.11640625
7 0.7171875 0.51171875 0.1546875 0.13984375
7 0.5015625 0.4015625 0.15625 0.1921875
34 0.17421875 0.39140625 0.121875 0.128125
34 0.32734375 0.55234375 0.1609375 0.11484375
34 0.3375 0.72734375 0.13515625 0.10859375
34 0.5359375 0.57109375 0.13515625 0.11484375
34 0.63359375 0.50625 0.14765625 0.0890625
34 0.590625 0.315625 0.06875 0.13828125
14 0.45234375 0.60859375 0.08359375 0.11640625
25 0.45234375 0.7234375 0.20703125 0.0640625