7 0.31875 0.27578125 0.1734375 0.175
7 0.6203125 0.26328125 0.20625 0.20625
7 0.69609375 0.41875 0.1640625 0.16875
7 0.609375 0.65390625 0.134375 0.1765625
7 0.38046875 0.73359375 0.1578125 0.2078125
7 0.54140625 0.71328125 0.1734375 0.184375
7 0.59609375 0.47734375 0.225 0.1984375
34 0.5265625 0.1578125 0.153125 0.15
34 0.4078125 0.3453125 0.15 0.184375
34 0.23984375 0.39765625 0.1375 0.1578125
34 0.43984375 0.55234375 0.14375 0.159375
34 0.5265625 0.63125 0.121875 0.1640625
34 0.70078125 0.54296875 0.1515625 0.1
14 0.3828125 0.4796875 0.1328125 0.109375
25 0.271875 0.5078125 0.1125 0.215625