7 0.76171875 0.378125 0.14375 0.14375
7 0.70078125 0.67421875 0.16875 0.16875
7 0.53125 0.71015625 0.140625 0.134375
7 0.32421875 0.56875 0.1578125 0.0984375
7 0.30234375 0.32734375 0.184375 0.115625
7 0.2828125 0.48828125 0.1546875 0.140625
7 0.4984375 0.5984375 0.15625 0.1921875
34 0.82578125 0.60859375 0.121875 0.128125
34 0.67265625 0.44765625 0.1609375 0.115625
34 0.6625 0.27265625 0.134375 0.109375
34 0.4640625 0.42890625 0.134375 0.115625
34 0.36640625 0.49375 0.146875 0.0890625
34 0.409375 0.684375 0.06875 0.1375
14 0.54765625 0.39140625 0.084375 0.115625
25 0.54765625 0.2765625 0.20625 0.0640625