7 0.75 0.64453125 0.15625 0.1546875
7 0.71484375 0.34375 0.184375 0.184375
7 0.54921875 0.29375 0.1515625 0.1453125
7 0.33125 0.41640625 0.165625 0.1125
7 0.28828125 0.6546875 0.19375 0.1328125
7 0.2828125 0.49296875 0.165625 0.153125
7 0.50703125 0.4015625 0.171875 0.2046875
34 0.834375 0.4203125 0.1328125 0.1375
34 0.6671875 0.5671875 0.1703125 0.128125
34 0.6421875 0.740625 0.14375 0.1203125
34 0.4578125 0.56796875 0.1453125 0.1265625
34 0.36640625 0.49453125 0.1546875 0.1015625
34 0.42578125 0.30859375 0.08125 0.14375
14 0.53828125 0.6125 0.09375 0.1234375
25 0.528125 0.7265625 0.2125 0.08125