7 0.5984375 0.22890625 0.1546875 0.15625
7 0.30859375 0.31484375 0.184375 0.184375
7 0.28828125 0.4875 0.1453125 0.1515625
7 0.446875 0.68125 0.1125 0.165625
7 0.6890625 0.68203125 0.1328125 0.19375
7 0.53046875 0.715625 0.153125 0.165625
7 0.40234375 0.51015625 0.2046875 0.171875
34 0.36328125 0.18515625 0.1375 0.1328125
34 0.53671875 0.3234375 0.128125 0.1703125
34 0.7125 0.31796875 0.1203125 0.14375
34 0.57421875 0.5296875 0.1265625 0.1453125
34 0.51796875 0.6328125 0.1015625 0.1546875
34 0.32421875 0.60625 0.14375 0.08125
14 0.60390625 0.44296875 0.1234375 0.09375
25 0.71875 0.4328125 0.08125 0.2125