7 0.68515625 0.72109375 0.175 0.1765625
7 0.38359375 0.7390625 0.2078125 0.2078125
7 0.30546875 0.584375 0.165625 0.1703125
7 0.38828125 0.34765625 0.1359375 0.178125
7 0.615625 0.2640625 0.1609375 0.2078125
7 0.45546875 0.2875 0.175 0.1859375
7 0.4046875 0.52421875 0.2265625 0.2
34 0.4796875 0.84296875 0.1546875 0.1515625
34 0.5953125 0.653125 0.153125 0.1859375
34 0.76171875 0.5984375 0.140625 0.159375
34 0.559375 0.446875 0.1453125 0.1609375
34 0.47109375 0.36953125 0.125 0.165625
34 0.2984375 0.46015625 0.1515625 0.1015625
14 0.6171875 0.51796875 0.134375 0.1109375
25 0.728125 0.48828125 0.115625 0.2171875