21 0.04140625 0.2828125 0.08203125 0.1515625
21 0.0921875 0.45859375 0.184375 0.26015625
21 0.17734375 0.67578125 0.309375 0.2859375
21 0.26640625 0.51484375 0.10390625 0.159375
21 0.3484375 0.68125 0.11015625 0.1265625
21 0.42109375 0.67265625 0.0671875 0.096875
21 0.51328125 0.67109375 0.11484375 0.159375
21 0.58515625 0.70234375 0.09375 0.14140625
21 0.5015625 0.78125 0.0890625 0.06875
21 0.83515625 0.76484375 0.153125 0.10703125
21 0.7125 0.61015625 0.35234375 0.20234375
21 0.903125 0.51953125 0.1921875 0.19921875
21 0.45546875 0.48515625 0.30078125 0.2453125
21 0.66640625 0.409375 0.2796875 0.2234375
21 0.33359375 0.28984375 0.39765625 0.2234375
21 0.58046875 0.26484375 0.29609375 0.17578125
21 0.82265625 0.29296875 0.35390625 0.23203125