21 0.96015625 0.709375 0.0796875 0.153125
21 0.90703125 0.53359375 0.1859375 0.2640625
21 0.81953125 0.31875 0.3140625 0.290625
21 0.73359375 0.48125 0.10625 0.1609375
21 0.6484375 0.31640625 0.1125 0.128125
21 0.57578125 0.32578125 0.06875 0.0984375
21 0.48359375 0.32890625 0.1171875 0.1609375
21 0.4109375 0.29921875 0.096875 0.14375
21 0.49375 0.21875 0.090625 0.0703125
21 0.16015625 0.24140625 0.1546875 0.109375
21 0.2859375 0.39375 0.35625 0.2078125
21 0.096875 0.4875 0.19375 0.203125
21 0.54453125 0.5140625 0.3046875 0.25
21 0.33515625 0.59375 0.2828125 0.228125
21 0.6703125 0.70703125 0.4015625 0.2296875
21 0.4234375 0.73671875 0.2984375 0.18125
21 0.18125 0.7125 0.3578125 0.2375