21 0.0296875 0.39921875 0.059375 0.1671875
21 0.1078125 0.5578125 0.215625 0.296875
21 0.2296875 0.7484375 0.36875 0.3515625
21 0.2765625 0.57109375 0.1390625 0.1796875
21 0.396875 0.7125 0.1375 0.15
21 0.46484375 0.68671875 0.0890625 0.1109375
21 0.55390625 0.6625 0.15 0.1828125
21 0.63125 0.67578125 0.125 0.159375
21 0.56953125 0.77265625 0.103125 0.0875
21 0.8890625 0.67578125 0.175 0.140625
21 0.7328125 0.55546875 0.390625 0.28125
21 0.8890625 0.42109375 0.221875 0.2390625
21 0.453125 0.49609375 0.3515625 0.3109375
21 0.63984375 0.371875 0.325 0.284375
21 0.2875 0.33671875 0.440625 0.3125
21 0.52109375 0.25234375 0.3296875 0.2421875
21 0.76328125 0.22109375 0.4 0.3109375