21 0.171875 0.11328125 0.1671875 0.11875
21 0.35390625 0.11953125 0.2984375 0.2390625
21 0.5859375 0.16484375 0.35625 0.3296875
21 0.45390625 0.2703125 0.18125 0.1421875
21 0.6359375 0.30703125 0.15 0.1390625
21 0.64609375 0.37890625 0.1109375 0.090625
21 0.66875 0.46875 0.184375 0.1515625
21 0.7171875 0.5296875 0.1609375 0.1265625
21 0.771875 0.42890625 0.0890625 0.103125
21 0.8421875 0.75546875 0.14375 0.175
21 0.66171875 0.6765625 0.2859375 0.3921875
21 0.62265625 0.8828125 0.2421875 0.234375
21 0.47421875 0.4609375 0.3140625 0.3546875
21 0.45546875 0.684375 0.2875 0.328125
21 0.25390625 0.39375 0.31875 0.4421875
21 0.29375 0.63828125 0.246875 0.33125
21 0.3828125 0.83203125 0.315625 0.3359375