21 0.18515625 0.89765625 0.165625 0.1140625
21 0.36796875 0.884375 0.2953125 0.23125
21 0.59765625 0.83515625 0.3484375 0.3296875
21 0.46171875 0.73125 0.178125 0.1375
21 0.6421875 0.68828125 0.1484375 0.1359375
21 0.65078125 0.615625 0.109375 0.0875
21 0.66953125 0.52578125 0.18125 0.1484375
21 0.71640625 0.4625 0.159375 0.1234375
21 0.77421875 0.56171875 0.0875 0.1015625
21 0.83359375 0.2328125 0.1390625 0.1734375
21 0.65546875 0.31796875 0.2765625 0.3890625
21 0.609375 0.1140625 0.2375 0.228125
21 0.47578125 0.53984375 0.30625 0.3484375
21 0.44921875 0.3171875 0.28125 0.3234375
21 0.2578125 0.61484375 0.3078125 0.4375
21 0.2890625 0.36875 0.2375 0.328125
21 0.3703125 0.16875 0.30625 0.3375