5 0.1515625 0.61015625 0.2140625 0.26328125
5 0.3484375 0.6890625 0.21875 0.26796875
5 0.54140625 0.7453125 0.23203125 0.25625
5 0.30078125 0.496875 0.20703125 0.16953125
5 0.465625 0.565625 0.19765625 0.19765625
5 0.66640625 0.6578125 0.2234375 0.24375
5 0.434375 0.41953125 0.18125 0.13671875
5 0.58359375 0.48984375 0.20390625 0.1546875
5 0.7875 0.57265625 0.19609375 0.24140625
5 0.5375 0.35546875 0.184375 0.128125
5 0.70546875 0.41484375 0.1875 0.14765625
5 0.88828125 0.5046875 0.19375 0.24375