12 0.33359375 0.9421875 0.2859375 0.115625
12 0.35 0.8640625 0.3703125 0.23125
12 0.3765625 0.76484375 0.3453125 0.171875
12 0.175 0.85546875 0.171875 0.140625
12 0.23125 0.77890625 0.271875 0.153125
12 0.28515625 0.634375 0.31875 0.1859375
12 0.35703125 0.5265625 0.3671875 0.203125
12 0.2265625 0.684375 0.15625 0.1
12 0.3421875 0.41640625 0.33125 0.18125
12 0.35 0.34375 0.3109375 0.15
12 0.36015625 0.26484375 0.2984375 0.171875
12 0.41484375 0.19453125 0.303125 0.1984375
12 0.3515625 0.11015625 0.2234375 0.18125
12 0.38828125 0.04375 0.2421875 0.0875