9 0.64296875 0.240625 0.5484375 0.3359375
9 0.7890625 0.50078125 0.415625 0.4296875
9 0.2703125 0.603125 0.253125 0.29375
9 0.1515625 0.3875 0.303125 0.246875
9 0.5453125 0.70390625 0.23125 0.1859375
8 0.64375 0.3890625 0.10625 0.090625
8 0.565625 0.559375 0.1109375 0.1109375
8 0.39609375 0.45078125 0.1296875 0.0984375
8 0.525 0.440625 0.1390625 0.11875
8 0.42421875 0.728125 0.096875 0.1
8 0.93515625 0.4453125 0.1296875 0.10625
8 0.28125 0.28515625 0.096875 0.1046875
8 0.06953125 0.421875 0.1109375 0.078125
8 0.321875 0.41640625 0.1359375 0.1046875
8 0.62890625 0.325 0.2171875 0.0921875
8 0.7796875 0.2109375 0.0828125 0.090625
8 0.43125 0.24765625 0.0765625 0.0765625
8 0.3125 0.2375 0.11875 0.08125
8 0.37421875 0.3640625 0.0640625 0.0640625
8 0.72578125 0.51328125 0.0890625 0.1046875