12 0.5625 0.0296875 0.2796875 0.059375
12 0.5640625 0.11171875 0.34375 0.1578125
12 0.5609375 0.2140625 0.33203125 0.1
12 0.73671875 0.08046875 0.1515625 0.10859375
12 0.69921875 0.16796875 0.25625 0.0984375
12 0.67890625 0.32109375 0.29921875 0.121875
12 0.63359375 0.4421875 0.346875 0.128125
12 0.725 0.25859375 0.14453125 0.06875
12 0.67265625 0.54609375 0.3140625 0.11328125
12 0.68125 0.61875 0.29921875 0.08515625
12 0.6890625 0.69765625 0.28125 0.11171875
12 0.6515625 0.778125 0.278125 0.13984375
12 0.73203125 0.846875 0.19609375 0.14140625
12 0.71875 0.94921875 0.225 0.1