12 0.49609375 0.0375 0.2859375 0.075
12 0.509375 0.10625 0.3625 0.2046875
12 0.5203125 0.20859375 0.3421875 0.1453125
12 0.675 0.0578125 0.165625 0.115625
12 0.65078125 0.14375 0.2671875 0.1328125
12 0.65234375 0.29765625 0.3125 0.1625
12 0.62421875 0.42421875 0.3609375 0.175
12 0.6890625 0.2296875 0.153125 0.0875
12 0.67734375 0.521875 0.3265625 0.15625
12 0.69609375 0.5921875 0.3078125 0.1265625
12 0.71484375 0.66953125 0.29375 0.15
12 0.6890625 0.7546875 0.2953125 0.1765625
12 0.778125 0.8109375 0.2140625 0.1671875
12 0.77890625 0.9140625 0.2375 0.1296875