12 0.44609375 0.0453125 0.2859375 0.090625
12 0.4671875 0.1125 0.371875 0.225
12 0.48984375 0.2078125 0.346875 0.178125
12 0.62734375 0.053125 0.1734375 0.10625
12 0.61328125 0.1296875 0.271875 0.1578125
12 0.63046875 0.2828125 0.3203125 0.190625
12 0.615625 0.41171875 0.3671875 0.2078125
12 0.66015625 0.21171875 0.15625 0.1015625
12 0.67890625 0.503125 0.3328125 0.1859375
12 0.7046875 0.57109375 0.3109375 0.1546875
12 0.73125 0.64609375 0.3 0.1765625
12 0.7140625 0.7328125 0.303125 0.203125
12 0.809375 0.78046875 0.225 0.184375
12 0.82109375 0.8828125 0.2421875 0.1515625