9 0.64765625 0.75625 0.546875 0.328125
9 0.7890625 0.49453125 0.4109375 0.425
9 0.26875 0.40078125 0.25 0.290625
9 0.15234375 0.61796875 0.3046875 0.2421875
9 0.5421875 0.2953125 0.2296875 0.184375
8 0.6453125 0.60859375 0.1046875 0.0890625
8 0.56484375 0.43984375 0.109375 0.109375
8 0.396875 0.55078125 0.1296875 0.096875
8 0.52578125 0.559375 0.1375 0.1171875
8 0.4203125 0.27265625 0.0953125 0.0984375
8 0.9359375 0.54765625 0.128125 0.1046875
8 0.28515625 0.71875 0.0953125 0.103125
8 0.07109375 0.58515625 0.109375 0.0765625
8 0.3234375 0.58671875 0.1359375 0.103125
8 0.63203125 0.67265625 0.2171875 0.0890625
8 0.784375 0.784375 0.08125 0.0890625
8 0.4359375 0.75390625 0.0765625 0.0765625
8 0.3171875 0.765625 0.11875 0.0796875
8 0.3765625 0.63828125 0.0640625 0.0640625
8 0.72578125 0.4828125 0.0890625 0.103125