9 0.35703125 0.240625 0.5484375 0.3359375
9 0.2109375 0.50078125 0.415625 0.4296875
9 0.7296875 0.603125 0.253125 0.29375
9 0.8484375 0.3875 0.303125 0.246875
9 0.4546875 0.70390625 0.23125 0.1859375
8 0.35625 0.3890625 0.10625 0.090625
8 0.434375 0.559375 0.1109375 0.1109375
8 0.60390625 0.45078125 0.1296875 0.0984375
8 0.475 0.440625 0.1390625 0.11875
8 0.57578125 0.728125 0.096875 0.1
8 0.06484375 0.4453125 0.1296875 0.10625
8 0.71875 0.28515625 0.096875 0.1046875
8 0.93046875 0.421875 0.1109375 0.078125
8 0.678125 0.41640625 0.1359375 0.1046875
8 0.37109375 0.325 0.2171875 0.0921875
8 0.2203125 0.2109375 0.0828125 0.090625
8 0.56875 0.24765625 0.0765625 0.0765625
8 0.6875 0.2375 0.11875 0.08125
8 0.62578125 0.3640625 0.0640625 0.0640625
8 0.27421875 0.51328125 0.0890625 0.1046875