9 0.69765625 0.2796875 0.509375 0.228125
9 0.78125 0.565625 0.34375 0.3625
9 0.253125 0.54921875 0.2 0.2546875
9 0.184375 0.3125 0.271875 0.190625
9 0.4984375 0.70859375 0.203125 0.14375
8 0.66484375 0.42421875 0.0921875 0.071875
8 0.55078125 0.57265625 0.0921875 0.0921875
8 0.409375 0.42890625 0.115625 0.075
8 0.5375 0.44765625 0.1203125 0.09375
8 0.375 0.70546875 0.08125 0.084375
8 0.9375 0.54453125 0.115625 0.08125
8 0.33515625 0.24140625 0.078125 0.0890625
8 0.0984375 0.32734375 0.1 0.0578125
8 0.3453125 0.378125 0.121875 0.078125
8 0.66484375 0.35859375 0.2125 0.046875
8 0.8375 0.28125 0.0671875 0.078125
8 0.48984375 0.23828125 0.0640625 0.0640625
8 0.3765625 0.20234375 0.109375 0.0578125
8 0.4078125 0.3390625 0.053125 0.053125
8 0.7171875 0.5640625 0.071875 0.090625