12 0.6109375 0.04140625 0.284375 0.0828125
12 0.6046875 0.1203125 0.3578125 0.1921875
12 0.590625 0.221875 0.340625 0.134375
12 0.77890625 0.1078125 0.1625 0.1234375
12 0.7328125 0.190625 0.265625 0.125
12 0.696875 0.340625 0.3109375 0.153125
12 0.6390625 0.45625 0.3578125 0.1640625
12 0.74921875 0.28359375 0.1515625 0.0828125
12 0.6671875 0.5640625 0.3234375 0.1453125
12 0.66796875 0.63671875 0.30625 0.115625
12 0.6671875 0.71640625 0.290625 0.140625
12 0.621875 0.7921875 0.290625 0.16875
12 0.69453125 0.86953125 0.209375 0.1609375
12 0.6703125 0.95390625 0.234375 0.0921875