9 0.69765625 0.7203125 0.51015625 0.22734375
9 0.78125 0.434375 0.34375 0.36171875
9 0.253125 0.45078125 0.20078125 0.2546875
9 0.184375 0.6875 0.27109375 0.190625
9 0.4984375 0.29140625 0.20390625 0.14453125
8 0.66484375 0.57578125 0.0921875 0.07109375
8 0.55078125 0.42734375 0.0921875 0.0921875
8 0.409375 0.57109375 0.11640625 0.07421875
8 0.5375 0.55234375 0.1203125 0.09375
8 0.375 0.29453125 0.08046875 0.08359375
8 0.9375 0.45546875 0.11640625 0.08203125
8 0.33515625 0.75859375 0.07890625 0.0890625
8 0.0984375 0.67265625 0.1 0.0578125
8 0.3453125 0.621875 0.121875 0.07890625
8 0.66484375 0.64140625 0.2125 0.04609375
8 0.8375 0.71875 0.0671875 0.07734375
8 0.48984375 0.76171875 0.0640625 0.0640625
8 0.3765625 0.79765625 0.10859375 0.0578125
8 0.4078125 0.6609375 0.05390625 0.05390625
8 0.7171875 0.4359375 0.07109375 0.090625