26 0.3109375 0.25078125 0.0453125 0.0671875
26 0.43671875 0.29765625 0.1 0.1359375
26 0.51484375 0.24453125 0.0734375 0.0640625
26 0.60859375 0.2796875 0.0859375 0.0953125
26 0.49296875 0.459375 0.109375 0.190625
26 0.340625 0.4875 0.2234375 0.371875
26 0.22109375 0.50390625 0.0875 0.1015625
26 0.23125 0.41640625 0.059375 0.06875
26 0.3671875 0.70625 0.1140625 0.134375
26 0.3984375 0.66796875 0.078125 0.0765625
26 0.47734375 0.57265625 0.0984375 0.1203125
26 0.42890625 0.5515625 0.1078125 0.1140625