5 0.89296875 0.25859375 0.2140625 0.4046875
5 0.84375 0.67734375 0.3125 0.365625
5 0.7234375 0.11484375 0.3203125 0.2140625
5 0.88984375 0.47265625 0.2203125 0.2171875
5 0.6265625 0.33359375 0.521875 0.4984375
5 0.56953125 0.7125 0.4625 0.4640625
5 0.59921875 0.88125 0.3734375 0.2375
5 0.35234375 0.8546875 0.28125 0.2859375
5 0.21953125 0.6015625 0.4390625 0.425
5 0.26015625 0.27890625 0.3765625 0.4140625
5 0.4640625 0.16171875 0.384375 0.3234375
5 0.1203125 0.1015625 0.159375 0.203125
5 0.02421875 0.8125 0.0484375 0.246875