5 0.16484375 0.825 0.2828125 0.35
5 0.1390625 0.43046875 0.278125 0.3703125
5 0.39765625 0.91171875 0.3234375 0.1765625
5 0.128125 0.6421875 0.2375 0.2203125
5 0.42734375 0.696875 0.528125 0.5046875
5 0.37109375 0.3171875 0.46875 0.4703125
5 0.2875 0.1453125 0.3765625 0.28125
5 0.5375 0.13046875 0.284375 0.2609375
5 0.74375 0.31796875 0.45625 0.4296875
5 0.79375 0.64140625 0.38125 0.41875
5 0.63828125 0.82421875 0.3890625 0.3515625
5 0.95390625 0.80078125 0.0921875 0.2703125
5 0.89375 0.08828125 0.115625 0.1765625