1 0.12109375 0.08671875 0.146875 0.1125
1 0.153125 0.215625 0.190625 0.2125
1 0.20859375 0.6234375 0.2234375 0.275
1 0.209375 0.853125 0.1703125 0.1859375
1 0.25 0.9671875 0.2125 0.065625
1 0.3015625 0.15234375 0.3140625 0.2953125
1 0.26953125 0.3734375 0.3046875 0.253125
1 0.36328125 0.78828125 0.2640625 0.3359375
1 0.4265625 0.94375 0.21875 0.1125
1 0.4625 0.50546875 0.3453125 0.2359375
1 0.50859375 0.096875 0.2671875 0.19375
1 0.53984375 0.2625 0.3703125 0.2546875
1 0.60546875 0.690625 0.340625 0.3046875
1 0.603125 0.86796875 0.290625 0.2640625
1 0.70390625 0.4421875 0.2875 0.3390625
1 0.7078125 0.09921875 0.296875 0.1984375
1 0.80234375 0.26171875 0.171875 0.2859375
1 0.83359375 0.559375 0.1765625 0.3125
1 0.8328125 0.8171875 0.225 0.2671875