1 0.83359375 0.95078125 0.13671875 0.0984375
1 0.815625 0.81875 0.17109375 0.19609375
1 0.80234375 0.4078125 0.19765625 0.25625
1 0.82578125 0.17890625 0.153125 0.17109375
1 0.79921875 0.04296875 0.20546875 0.08203125
1 0.6609375 0.86640625 0.2875 0.26640625
1 0.715625 0.65 0.2828125 0.225
1 0.66640625 0.22734375 0.23203125 0.3140625
1 0.6203125 0.05625 0.20859375 0.11015625
1 0.5375 0.4984375 0.32578125 0.20234375
1 0.44765625 0.9078125 0.25 0.184375
1 0.4359375 0.73203125 0.35 0.21875
1 0.41484375 0.29921875 0.3140625 0.27265625
1 0.4359375 0.121875 0.26640625 0.23984375
1 0.29140625 0.5359375 0.25625 0.3140625
1 0.2484375 0.89453125 0.2765625 0.20859375
1 0.17421875 0.70546875 0.14453125 0.27265625
1 0.17421875 0.40625 0.14609375 0.29921875
1 0.20234375 0.15 0.20078125 0.246875