1 0.8859375 0.90703125 0.1484375 0.1140625
1 0.85234375 0.778125 0.19375 0.215625
1 0.7890625 0.371875 0.228125 0.278125
1 0.784375 0.14140625 0.1734375 0.1890625
1 0.74140625 0.03125 0.2140625 0.0625
1 0.7046875 0.84375 0.3171875 0.3
1 0.73203125 0.62265625 0.3078125 0.2578125
1 0.63203125 0.209375 0.26875 0.340625
1 0.56484375 0.05546875 0.2203125 0.1109375
1 0.53671875 0.49375 0.3484375 0.240625
1 0.49765625 0.9015625 0.2703125 0.196875
1 0.46484375 0.73828125 0.3734375 0.259375
1 0.390625 0.3109375 0.3453125 0.309375
1 0.390625 0.13359375 0.29375 0.2671875
1 0.29765625 0.5609375 0.2921875 0.3421875
1 0.2984375 0.90078125 0.3 0.1984375
1 0.2015625 0.74375 0.1765625 0.2875
1 0.16484375 0.446875 0.18125 0.3140625
1 0.16171875 0.1890625 0.2296875 0.26875