1 0.84921875 0.0609375 0.140625 0.103125
1 0.8265625 0.1921875 0.178125 0.2015625
1 0.79921875 0.60234375 0.20625 0.2625
1 0.8140625 0.83203125 0.159375 0.1765625
1 0.78203125 0.9609375 0.2078125 0.078125
1 0.6734375 0.1390625 0.296875 0.2765625
1 0.72109375 0.3578125 0.290625 0.234375
1 0.65703125 0.778125 0.2421875 0.321875
1 0.6046875 0.94453125 0.2125 0.1109375
1 0.5375 0.503125 0.3328125 0.2140625
1 0.4609375 0.09375 0.25625 0.1875
1 0.44375 0.265625 0.3578125 0.23125
1 0.4078125 0.69765625 0.3234375 0.2828125
1 0.42265625 0.87578125 0.275 0.2484375
1 0.29296875 0.45703125 0.2671875 0.3234375
1 0.2625 0.103125 0.284375 0.20625
1 0.18125 0.28359375 0.1546875 0.278125
1 0.17109375 0.58203125 0.15625 0.3046875
1 0.190625 0.8390625 0.209375 0.253125