1 0.15078125 0.9390625 0.140625 0.103125
1 0.1734375 0.8078125 0.178125 0.2015625
1 0.20078125 0.39765625 0.20625 0.2625
1 0.1859375 0.16796875 0.159375 0.1765625
1 0.21640625 0.03828125 0.2078125 0.0765625
1 0.3265625 0.8609375 0.296875 0.2765625
1 0.27890625 0.6421875 0.290625 0.234375
1 0.34296875 0.221875 0.2421875 0.321875
1 0.3953125 0.05546875 0.2125 0.1109375
1 0.4625 0.496875 0.3328125 0.2140625
1 0.5375 0.90625 0.25625 0.1875
1 0.55625 0.734375 0.3578125 0.23125
1 0.5921875 0.30234375 0.3234375 0.2828125
1 0.57734375 0.12421875 0.275 0.2484375
1 0.70703125 0.54296875 0.2671875 0.3234375
1 0.7375 0.896875 0.284375 0.20625
1 0.81875 0.71640625 0.1546875 0.278125
1 0.82890625 0.41796875 0.15625 0.3046875
1 0.809375 0.1609375 0.209375 0.253125