34 0.5703125 0.2015625 0.128125 0.146875
34 0.47421875 0.228125 0.1125 0.134375
34 0.5609375 0.121875 0.109375 0.1140625
34 0.56015625 0.34140625 0.1390625 0.178125
34 0.47109375 0.34296875 0.0859375 0.1125
34 0.5390625 0.47578125 0.1203125 0.1421875
34 0.69765625 0.26953125 0.1046875 0.16875
34 0.69765625 0.12890625 0.121875 0.1515625
34 0.66484375 0.57421875 0.1234375 0.1453125
34 0.65 0.71484375 0.1375 0.1609375
34 0.6328125 0.771875 0.121875 0.0984375
34 0.6125 0.871875 0.11875 0.134375
34 0.59375 0.646875 0.0921875 0.109375