33 0.56796875 0.63203125 0.2578125 0.234375
33 0.61875 0.41796875 0.3109375 0.265625
33 0.2828125 0.34453125 0.2578125 0.2625
33 0.1859375 0.59140625 0.3546875 0.2765625
33 0.76796875 0.7875 0.184375 0.1625
33 0.80234375 0.52109375 0.2109375 0.2125
33 0.51328125 0.7421875 0.1984375 0.146875
33 0.1859375 0.29296875 0.2203125 0.20625
33 0.4078125 0.55703125 0.2171875 0.2796875
33 0.875 0.43515625 0.1703125 0.1640625
33 0.14609375 0.49296875 0.16875 0.2421875
33 0.221875 0.2109375 0.1609375 0.16875