34 0.43515625 0.79921875 0.1265625 0.14375
34 0.53046875 0.771875 0.1109375 0.1328125
34 0.44609375 0.87890625 0.1078125 0.1125
34 0.4421875 0.659375 0.1375 0.1765625
34 0.53203125 0.65625 0.084375 0.1109375
34 0.4609375 0.52421875 0.11875 0.140625
34 0.30625 0.73359375 0.1015625 0.1671875
34 0.309375 0.87421875 0.11875 0.15
34 0.33359375 0.42890625 0.121875 0.14375
34 0.34609375 0.2875 0.134375 0.159375
34 0.3625 0.23046875 0.1203125 0.096875
34 0.38125 0.1296875 0.1171875 0.1328125
34 0.40390625 0.3546875 0.090625 0.1078125