34 0.803125 0.54375 0.140625 0.121875
34 0.76875 0.45078125 0.1296875 0.10625
34 0.88203125 0.52734375 0.109375 0.1046875
34 0.66328125 0.54609375 0.171875 0.13125
34 0.65390625 0.4578125 0.1078125 0.08125
34 0.52734375 0.53671875 0.1375 0.1140625
34 0.746875 0.67734375 0.1640625 0.096875
34 0.88671875 0.6640625 0.146875 0.1140625
34 0.440625 0.6703125 0.140625 0.1171875
34 0.29921875 0.66875 0.1546875 0.1296875
34 0.240625 0.65625 0.0921875 0.11875
34 0.1390625 0.64453125 0.128125 0.1125
34 0.36171875 0.60625 0.1046875 0.0875