34 0.40390625 0.209375 0.1390625 0.1546875
34 0.5015625 0.2265625 0.1234375 0.1421875
34 0.40625 0.12890625 0.1171875 0.121875
34 0.42578125 0.346875 0.153125 0.1875
34 0.51484375 0.340625 0.0953125 0.11875
34 0.45859375 0.4796875 0.13125 0.1515625
34 0.2828125 0.2875 0.11875 0.175
34 0.27109375 0.14765625 0.1328125 0.1609375
34 0.3421875 0.58828125 0.134375 0.1546875
34 0.36875 0.72734375 0.1484375 0.1703125
34 0.39140625 0.78203125 0.1296875 0.1078125
34 0.4203125 0.88046875 0.128125 0.1421875
34 0.41953125 0.6546875 0.1 0.115625