34 0.790625 0.40390625 0.1546875 0.1390625
34 0.7734375 0.5015625 0.1421875 0.1234375
34 0.87109375 0.40625 0.121875 0.1171875
34 0.653125 0.42578125 0.1875 0.153125
34 0.659375 0.51484375 0.11875 0.0953125
34 0.5203125 0.45859375 0.1515625 0.13125
34 0.7125 0.2828125 0.175 0.11875
34 0.85234375 0.27109375 0.1609375 0.1328125
34 0.41171875 0.3421875 0.1546875 0.134375
34 0.27265625 0.36875 0.1703125 0.1484375
34 0.21796875 0.39140625 0.1078125 0.1296875
34 0.11953125 0.4203125 0.1421875 0.128125
34 0.3453125 0.41953125 0.115625 0.1