34 0.45078125 0.19765625 0.11875 0.13828125
34 0.54453125 0.23046875 0.10390625 0.128125
34 0.465625 0.11875 0.10234375 0.10703125
34 0.45078125 0.3375 0.128125 0.16953125
34 0.53984375 0.3453125 0.07890625 0.10703125
34 0.4625 0.4734375 0.11171875 0.13515625
34 0.31875 0.25625 0.09375 0.1625
34 0.32890625 0.11640625 0.11171875 0.14453125
34 0.33046875 0.5625 0.11484375 0.13828125
34 0.33515625 0.70390625 0.1265625 0.153125
34 0.3484375 0.76171875 0.11640625 0.090625
34 0.36171875 0.86328125 0.11015625 0.1265625
34 0.39609375 0.63984375 0.08515625 0.10390625