34 0.80234375 0.45078125 0.13828125 0.11875
34 0.76953125 0.54453125 0.128125 0.10390625
34 0.88125 0.465625 0.10703125 0.10234375
34 0.6625 0.45078125 0.16953125 0.128125
34 0.6546875 0.53984375 0.10703125 0.07890625
34 0.5265625 0.4625 0.13515625 0.11171875
34 0.74375 0.31875 0.1625 0.09375
34 0.88359375 0.32890625 0.14453125 0.11171875
34 0.4375 0.33046875 0.13828125 0.11484375
34 0.29609375 0.33515625 0.153125 0.1265625
34 0.23828125 0.3484375 0.090625 0.11640625
34 0.13671875 0.36171875 0.1265625 0.11015625
34 0.36015625 0.39609375 0.10390625 0.08515625