33 0.6 0.61015625 0.2171875 0.184375
33 0.59375 0.38984375 0.26796875 0.20390625
33 0.25 0.40625 0.20859375 0.215625
33 0.2203125 0.66953125 0.3125 0.20234375
33 0.83359375 0.70859375 0.15625 0.1265625
33 0.79765625 0.4421875 0.17109375 0.17421875
33 0.57578125 0.73046875 0.17734375 0.10390625
33 0.14296875 0.38125 0.184375 0.16484375
33 0.42578125 0.57890625 0.159375 0.246875
33 0.8453125 0.340625 0.14140625 0.13125
33 0.15625 0.58515625 0.11640625 0.21875
33 0.15625 0.29296875 0.1296875 0.13984375