33 0.42734375 0.6296875 0.253125 0.228125
33 0.38359375 0.4140625 0.30625 0.259375
33 0.72265625 0.35234375 0.2515625 0.25625
33 0.8109375 0.60234375 0.35 0.2671875
33 0.221875 0.778125 0.18125 0.1578125
33 0.196875 0.5109375 0.20625 0.2078125
33 0.478125 0.74140625 0.196875 0.140625
33 0.82109375 0.30390625 0.2171875 0.2015625
33 0.58984375 0.56015625 0.2109375 0.2765625
33 0.12734375 0.42265625 0.1671875 0.159375
33 0.85390625 0.50546875 0.1625 0.2390625
33 0.78828125 0.22109375 0.1578125 0.165625