34 0.39375 0.7875 0.1421875 0.1578125
34 0.4921875 0.7734375 0.1265625 0.1453125
34 0.39375 0.86796875 0.1203125 0.125
34 0.4203125 0.65 0.1578125 0.190625
34 0.509375 0.659375 0.0984375 0.1203125
34 0.4578125 0.51875 0.1359375 0.1546875
34 0.27578125 0.7046875 0.1234375 0.178125
34 0.25859375 0.84375 0.1375 0.1625
34 0.3453125 0.40625 0.1390625 0.1578125
34 0.37734375 0.26875 0.153125 0.175
34 0.40078125 0.2140625 0.13125 0.1109375
34 0.43359375 0.1171875 0.1328125 0.1453125
34 0.425 0.34296875 0.103125 0.11875