8 0.21015625 0.24453125 0.2546875 0.2734375
8 0.16640625 0.4078125 0.3328125 0.38125
8 0.09765625 0.64921875 0.1953125 0.2734375
8 0.40625 0.3140625 0.09375 0.115625
8 0.48359375 0.2015625 0.0984375 0.0875
8 0.5859375 0.1984375 0.0734375 0.0546875
8 0.72265625 0.2171875 0.0515625 0.0515625
8 0.35625 0.54921875 0.0796875 0.0875
8 0.3890625 0.646875 0.0828125 0.071875
8 0.25859375 0.70703125 0.071875 0.0640625
8 0.3234375 0.715625 0.059375 0.0734375
8 0.17890625 0.75390625 0.0703125 0.0703125
8 0.44296875 0.765625 0.128125 0.1328125
8 0.8234375 0.3046875 0.1765625 0.2109375
8 0.74453125 0.59140625 0.26875 0.4375
8 0.88203125 0.54296875 0.2359375 0.3390625
8 0.87109375 0.74453125 0.23125 0.303125