8 0.225 0.77109375 0.2859375 0.2703125
8 0.384375 0.82421875 0.396875 0.3515625
8 0.61875 0.903125 0.284375 0.19375
8 0.3078125 0.58046875 0.1203125 0.1
8 0.2015625 0.4953125 0.0921875 0.103125
8 0.2046875 0.39296875 0.059375 0.075
8 0.23359375 0.2578125 0.0546875 0.0546875
8 0.5390625 0.646875 0.0921875 0.084375
8 0.6390625 0.6203125 0.0765625 0.0859375
8 0.6890625 0.75546875 0.06875 0.075
8 0.703125 0.690625 0.0765625 0.0640625
8 0.73046875 0.83828125 0.0734375 0.0734375
8 0.7609375 0.57578125 0.1390625 0.1359375
8 0.328125 0.1640625 0.21875 0.1875
8 0.6078125 0.2625 0.446875 0.2953125
8 0.5703125 0.12421875 0.35 0.2484375
8 0.7703125 0.146875 0.3125 0.246875