8 0.8296875 0.70078125 0.23125 0.253125
8 0.846875 0.5296875 0.30625 0.353125
8 0.88984375 0.27890625 0.2125 0.253125
8 0.625 0.6671875 0.084375 0.1078125
8 0.56796875 0.790625 0.0921875 0.078125
8 0.46796875 0.8125 0.06875 0.0484375
8 0.3296875 0.8171875 0.0484375 0.0484375
8 0.6328125 0.4265625 0.071875 0.08125
8 0.58359375 0.3359375 0.0765625 0.065625
8 0.7015625 0.2546875 0.065625 0.0578125
8 0.6359375 0.25703125 0.053125 0.06875
8 0.77265625 0.19453125 0.0640625 0.0640625
8 0.51015625 0.228125 0.1171875 0.121875
8 0.215625 0.7484375 0.1578125 0.196875
8 0.24375 0.45234375 0.228125 0.41875
8 0.10859375 0.52578125 0.2171875 0.3203125
8 0.096875 0.3234375 0.19375 0.284375