8 0.646875 0.85703125 0.2828125 0.265625
8 0.475 0.834375 0.39375 0.33125
8 0.22109375 0.85078125 0.28125 0.246875
8 0.6453125 0.64921875 0.11875 0.0984375
8 0.7765625 0.6125 0.090625 0.1015625
8 0.81328125 0.5171875 0.0578125 0.075
8 0.83984375 0.38125 0.0546875 0.0546875
8 0.40703125 0.61953125 0.090625 0.0828125
8 0.325 0.55703125 0.075 0.084375
8 0.22578125 0.6609375 0.0671875 0.0734375
8 0.23828125 0.59609375 0.075 0.0625
8 0.15546875 0.72109375 0.0734375 0.0734375
8 0.23046875 0.4671875 0.1375 0.134375
8 0.78984375 0.2578125 0.2171875 0.1859375
8 0.49375 0.2390625 0.44375 0.2890625
8 0.5859375 0.12421875 0.346875 0.2484375
8 0.3890625 0.0953125 0.309375 0.190625