25 0.64453125 0.36328125 0.22734375 0.2515625
25 0.6890625 0.4953125 0.1890625 0.11328125
25 0.69609375 0.5984375 0.20234375 0.16484375
25 0.753125 0.64296875 0.1296875 0.13125
25 0.88359375 0.67578125 0.1859375 0.15625
25 0.48984375 0.64765625 0.23984375 0.21875
25 0.24140625 0.64765625 0.2453125 0.2203125
25 0.0609375 0.62734375 0.121875 0.26171875
25 0.10546875 0.465625 0.21015625 0.22890625
25 0.35859375 0.35546875 0.23359375 0.23515625
25 0.346875 0.50625 0.20234375 0.1828125
25 0.14453125 0.3078125 0.1578125 0.13828125