23 0.3765625 0.2828125 0.41953125 0.5640625
23 0.4125 0.64609375 0.26484375 0.36640625
23 0.51796875 0.8109375 0.1875 0.28125
23 0.73828125 0.76484375 0.1859375 0.3125
23 0.59375 0.6203125 0.1890625 0.29921875
23 0.64140625 0.3453125 0.13828125 0.2515625
23 0.7203125 0.45234375 0.13984375 0.19765625
23 0.778125 0.565625 0.1203125 0.14453125
23 0.80234375 0.39609375 0.06875 0.20078125
23 0.73671875 0.23828125 0.20078125 0.1875
23 0.7828125 0.07109375 0.10859375 0.13828125
23 0.67421875 0.04765625 0.20703125 0.0921875
23 0.2234375 0.60546875 0.11328125 0.36171875