23 0.39609375 0.2859375 0.4671875 0.571875
23 0.4 0.63828125 0.2953125 0.3875
23 0.490625 0.8109375 0.2109375 0.296875
23 0.7140625 0.784375 0.2125 0.328125
23 0.5828125 0.628125 0.2140625 0.3140625
23 0.6546875 0.35859375 0.159375 0.2625
23 0.7234375 0.471875 0.15625 0.209375
23 0.77109375 0.58984375 0.1328125 0.1546875
23 0.81015625 0.42265625 0.0859375 0.20625
23 0.75859375 0.26015625 0.215625 0.2046875
23 0.81875 0.09765625 0.1203125 0.146875
23 0.71328125 0.06484375 0.2140625 0.109375
23 0.215625 0.58125 0.14375 0.3703125