23 0.58359375 0.71015625 0.5109375 0.5796875
23 0.61171875 0.37109375 0.325 0.40625
23 0.5359375 0.190625 0.2328125 0.309375
23 0.31171875 0.19765625 0.2375 0.340625
23 0.42890625 0.365625 0.2375 0.328125
23 0.33359375 0.628125 0.1796875 0.271875
23 0.275 0.50859375 0.171875 0.21875
23 0.2375 0.38671875 0.14375 0.1625
23 0.184375 0.55 0.103125 0.209375
23 0.22109375 0.71640625 0.2296875 0.21875
23 0.146875 0.8734375 0.13125 0.1546875
23 0.25 0.91484375 0.2203125 0.1265625
23 0.790625 0.44453125 0.175 0.3765625