23 0.7109375 0.4109375 0.578125 0.503125
23 0.36953125 0.390625 0.403125 0.31875
23 0.18984375 0.46875 0.3078125 0.2296875
23 0.20078125 0.69375 0.3375 0.2328125
23 0.36640625 0.5734375 0.325 0.2328125
23 0.63046875 0.6640625 0.2703125 0.1765625
23 0.5125 0.725 0.2171875 0.16875
23 0.39140625 0.7640625 0.1609375 0.1421875
23 0.55546875 0.81484375 0.209375 0.1
23 0.72109375 0.775 0.2171875 0.228125
23 0.8796875 0.84609375 0.153125 0.128125
23 0.91953125 0.74296875 0.1234375 0.21875
23 0.4390625 0.21015625 0.375 0.16875