23 0.35703125 0.703125 0.4671875 0.59375
23 0.42578125 0.346875 0.2953125 0.3875
23 0.5453125 0.1921875 0.2109375 0.296875
23 0.76015625 0.25703125 0.2125 0.328125
23 0.60390625 0.38828125 0.2140625 0.3140625
23 0.62734375 0.66640625 0.159375 0.2625
23 0.715625 0.56640625 0.15625 0.209375
23 0.7828125 0.45859375 0.1328125 0.1546875
23 0.7921875 0.6296875 0.0859375 0.20625
23 0.71328125 0.78125 0.215625 0.2046875
23 0.74453125 0.9390625 0.1203125 0.121875
23 0.63359375 0.95546875 0.2140625 0.0890625
23 0.23359375 0.37109375 0.14375 0.3703125