23 0.63359375 0.70859375 0.4484375 0.5828125
23 0.5796875 0.34921875 0.284375 0.3796875
23 0.465625 0.190625 0.2015625 0.290625
23 0.2484375 0.24765625 0.2015625 0.321875
23 0.4 0.384375 0.2046875 0.309375
23 0.3671875 0.66171875 0.1515625 0.2578125
23 0.2828125 0.559375 0.15 0.2046875
23 0.21875 0.44921875 0.128125 0.15
23 0.203125 0.61953125 0.0796875 0.2046875
23 0.27734375 0.7734375 0.2109375 0.1984375
23 0.2390625 0.93515625 0.115625 0.1296875
23 0.34921875 0.9546875 0.2109375 0.090625
23 0.7703125 0.38046875 0.1328125 0.3671875