23 0.709375 0.4203125 0.58125 0.51875
23 0.3734375 0.3859375 0.4109375 0.3296875
23 0.19140625 0.45859375 0.3125 0.2375
23 0.19453125 0.68359375 0.3421875 0.2421875
23 0.3640625 0.56875 0.3296875 0.2421875
23 0.625 0.66796875 0.2734375 0.184375
23 0.5046875 0.725 0.2203125 0.175
23 0.3828125 0.76015625 0.1640625 0.1453125
23 0.54453125 0.81640625 0.2109375 0.10625
23 0.71171875 0.78203125 0.221875 0.2328125
23 0.8671875 0.859375 0.15625 0.1328125
23 0.9109375 0.75703125 0.1296875 0.2203125
23 0.44921875 0.20859375 0.3765625 0.1796875