22 0.78046875 0.9015625 0.196875 0.184375
22 0.821875 0.72890625 0.13125 0.2234375
22 0.76171875 0.484375 0.1921875 0.2171875
22 0.7328125 0.1328125 0.2234375 0.228125
22 0.63046875 0.275 0.2640625 0.25
22 0.596875 0.04921875 0.25625 0.0984375
22 0.6171875 0.734375 0.2078125 0.25625
22 0.590625 0.940625 0.1890625 0.11875
22 0.40859375 0.865625 0.2671875 0.26875
22 0.40078125 0.6390625 0.2109375 0.234375
22 0.2625 0.76484375 0.1875 0.2875
22 0.2078125 0.4296875 0.1046875 0.2453125
22 0.2203125 0.16875 0.134375 0.2671875
22 0.38125 0.3078125 0.2171875 0.2890625
22 0.35 0.07734375 0.2484375 0.15