22 0.7734375 0.90625 0.19375 0.18125
22 0.81796875 0.734375 0.1265625 0.2203125
22 0.76171875 0.4890625 0.1875 0.2140625
22 0.7390625 0.1375 0.21875 0.2234375
22 0.634375 0.27734375 0.2609375 0.2453125
22 0.60546875 0.04921875 0.2546875 0.0984375
22 0.6125 0.73671875 0.203125 0.253125
22 0.5828125 0.9421875 0.1875 0.115625
22 0.4015625 0.86640625 0.2625 0.2671875
22 0.3984375 0.63671875 0.2078125 0.23125
22 0.2578125 0.76015625 0.1828125 0.284375
22 0.20859375 0.42421875 0.1015625 0.24375
22 0.22578125 0.1640625 0.1296875 0.265625
22 0.38515625 0.30625 0.2125 0.284375
22 0.35703125 0.075 0.246875 0.1453125