22 0.85234375 0.159375 0.225 0.215625
22 0.86015625 0.33671875 0.16875 0.240625
22 0.75390625 0.56484375 0.2265625 0.246875
22 0.6578125 0.88671875 0.259375 0.2265625
22 0.58515625 0.74609375 0.3046875 0.2921875
22 0.5078125 0.94453125 0.26875 0.1109375
22 0.659375 0.2921875 0.25 0.2890625
22 0.67265625 0.084375 0.20625 0.15
22 0.48125 0.1390625 0.3125 0.278125
22 0.42890625 0.3453125 0.25 0.2671875
22 0.3171875 0.19453125 0.2359375 0.3140625
22 0.19921875 0.51328125 0.1484375 0.25625
22 0.1625 0.771875 0.18125 0.284375
22 0.346875 0.665625 0.265625 0.3203125
22 0.271875 0.8859375 0.26875 0.1921875