22 0.23359375 0.9109375 0.190625 0.17734375
22 0.1859375 0.73984375 0.1234375 0.21875
22 0.23828125 0.49375 0.184375 0.21015625
22 0.2546875 0.14140625 0.215625 0.2203125
22 0.36171875 0.2796875 0.25625 0.24140625
22 0.38671875 0.04921875 0.253125 0.096875
22 0.39140625 0.73828125 0.19921875 0.25
22 0.425 0.94375 0.1859375 0.11171875
22 0.60390625 0.86640625 0.25859375 0.26640625
22 0.60390625 0.63515625 0.20390625 0.22734375
22 0.746875 0.75625 0.17734375 0.28125
22 0.78984375 0.41953125 0.096875 0.24140625
22 0.76796875 0.159375 0.125 0.26328125
22 0.61171875 0.30390625 0.20703125 0.28125
22 0.63515625 0.07265625 0.24375 0.14140625