23 0.52265625 0.5140625 0.225 0.2546875
23 0.38046875 0.303125 0.2109375 0.228125
23 0.51875 0.26484375 0.1875 0.1828125
23 0.56875 0.3703125 0.2078125 0.203125
23 0.66875 0.534375 0.1390625 0.203125
23 0.5953125 0.6828125 0.1234375 0.2
23 0.45 0.71953125 0.2578125 0.23125
23 0.3453125 0.51875 0.1890625 0.2890625
16 0.49609375 0.940625 0.1078125 0.11875
16 0.40703125 0.91953125 0.109375 0.1359375
16 0.240625 0.9484375 0.128125 0.103125
22 0.74140625 0.6984375 0.1984375 0.3484375
22 0.7765625 0.79921875 0.13125 0.2859375