23 0.51796875 0.5203125 0.2828125 0.25625
23 0.28515625 0.41640625 0.2546875 0.2390625
23 0.27109375 0.559375 0.20625 0.209375
23 0.384375 0.590625 0.228125 0.2328125
23 0.56328125 0.66015625 0.21875 0.165625
23 0.696875 0.5625 0.2140625 0.15
23 0.7078125 0.4125 0.2640625 0.2859375
23 0.4921875 0.34453125 0.3109375 0.2265625
16 0.93359375 0.41953125 0.13125 0.121875
16 0.896875 0.3359375 0.1484375 0.1265625
16 0.89921875 0.1671875 0.1234375 0.1421875
22 0.7375 0.70390625 0.371875 0.24375
22 0.8421875 0.7203125 0.3 0.16875