23 0.48125 0.51953125 0.275 0.296875
23 0.56484375 0.27890625 0.2546875 0.26875
23 0.42109375 0.27734375 0.221875 0.21875
23 0.4 0.39296875 0.2453125 0.2421875
23 0.34609375 0.57734375 0.1796875 0.228125
23 0.45546875 0.7015625 0.1640625 0.2203125
23 0.60546875 0.69921875 0.3 0.28125
23 0.65390625 0.478125 0.2484375 0.321875
16 0.61796875 0.925 0.13125 0.1390625
16 0.6984375 0.88125 0.1359375 0.15625
16 0.86640625 0.86875 0.1484375 0.1328125
22 0.31796875 0.75390625 0.2703125 0.38125
22 0.31015625 0.853125 0.1921875 0.29375