23 0.51484375 0.47734375 0.2515625 0.2203125
23 0.30078125 0.61640625 0.225 0.20703125
23 0.26484375 0.47734375 0.17890625 0.184375
23 0.371875 0.42890625 0.19921875 0.20390625
23 0.5375 0.33203125 0.20078125 0.13515625
23 0.684375 0.4078125 0.19765625 0.1203125
23 0.71875 0.55390625 0.22734375 0.253125
23 0.51640625 0.6546875 0.2859375 0.184375
16 0.940625 0.51171875 0.11640625 0.10546875
16 0.91796875 0.6 0.13359375 0.10703125
16 0.94609375 0.76640625 0.10546875 0.1265625
22 0.70234375 0.26171875 0.3453125 0.1921875
22 0.80390625 0.22890625 0.284375 0.1265625