23 0.52265625 0.48515625 0.2203125 0.2515625
23 0.38359375 0.69921875 0.20703125 0.225
23 0.52265625 0.73515625 0.184375 0.17890625
23 0.57109375 0.628125 0.20390625 0.19921875
23 0.66796875 0.4625 0.13515625 0.20078125
23 0.5921875 0.315625 0.1203125 0.19765625
23 0.44609375 0.28125 0.253125 0.22734375
23 0.3453125 0.48359375 0.184375 0.2859375
16 0.48828125 0.059375 0.10546875 0.11640625
16 0.4 0.08203125 0.10703125 0.13359375
16 0.23359375 0.05390625 0.1265625 0.10546875
22 0.73828125 0.29765625 0.1921875 0.3453125
22 0.77109375 0.19609375 0.1265625 0.284375