23 0.48984375 0.525 0.2921875 0.2671875
23 0.6703125 0.34453125 0.2625 0.25
23 0.734375 0.4734375 0.2140625 0.2171875
23 0.63984375 0.54296875 0.2375 0.240625
23 0.4984375 0.671875 0.225 0.1734375
23 0.3390625 0.628125 0.21875 0.159375
23 0.275 0.49296875 0.275 0.2953125
23 0.4515625 0.35234375 0.31875 0.2390625
16 0.0671875 0.5796875 0.134375 0.128125
16 0.0734375 0.48828125 0.146875 0.1328125
16 0.03671875 0.33203125 0.0734375 0.1453125
22 0.3515625 0.775 0.378125 0.259375
22 0.259375 0.828125 0.3046875 0.1828125