23 0.26640625 0.86171875 0.2015625 0.2765625
23 0.4171875 0.76015625 0.3140625 0.3171875
23 0.2359375 0.60859375 0.23125 0.2546875
23 0.19296875 0.40234375 0.225 0.259375
23 0.1515625 0.20703125 0.2296875 0.31875
23 0.32109375 0.49296875 0.3046875 0.328125
23 0.30234375 0.23984375 0.2484375 0.2578125
23 0.38984375 0.93671875 0.2453125 0.1265625
23 0.57109375 0.9515625 0.1515625 0.096875
23 0.571875 0.8515625 0.1296875 0.1875
23 0.67421875 0.671875 0.3390625 0.2859375
23 0.52109375 0.459375 0.2421875 0.346875
23 0.43671875 0.10859375 0.2671875 0.2171875
23 0.5265625 0.21328125 0.290625 0.2984375
23 0.65390625 0.36953125 0.3234375 0.384375
23 0.77578125 0.86484375 0.371875 0.2390625
23 0.7953125 0.53828125 0.2328125 0.31875
23 0.7859375 0.265625 0.134375 0.240625
23 0.6578125 0.09609375 0.24375 0.1921875