14 0.53046875 0.7328125 0.3921875 0.384375
14 0.42109375 0.490625 0.3 0.4265625
14 0.68203125 0.596875 0.2984375 0.3921875
14 0.659375 0.32265625 0.3640625 0.4921875
20 0.71484375 0.89921875 0.071875 0.065625
20 0.41171875 0.940625 0.0890625 0.0984375
20 0.1640625 0.315625 0.1390625 0.109375
20 0.6265625 0.22109375 0.125 0.15
20 0.62578125 0.39921875 0.16875 0.2
20 0.46875 0.3671875 0.0734375 0.0875
20 0.49921875 0.62734375 0.075 0.0859375
20 0.675 0.68671875 0.0671875 0.0796875
20 0.7734375 0.3046875 0.0703125 0.075