23 0.79921875 0.17890625 0.1515625 0.275
23 0.63125 0.26015625 0.26875 0.271875
23 0.7796875 0.44375 0.1921875 0.221875
23 0.7828125 0.6546875 0.184375 0.228125
23 0.7859375 0.85390625 0.178125 0.290625
23 0.67421875 0.54140625 0.2546875 0.284375
23 0.64453125 0.79296875 0.209375 0.221875
23 0.69609375 0.06796875 0.2234375 0.1359375
23 0.51640625 0.03984375 0.1375 0.078125
23 0.496875 0.14140625 0.0984375 0.171875
23 0.36171875 0.29765625 0.3 0.234375
23 0.471875 0.5359375 0.184375 0.3171875
23 0.48515625 0.903125 0.234375 0.190625
23 0.41953125 0.7765625 0.246875 0.25625
23 0.32421875 0.5984375 0.2625 0.340625
23 0.29921875 0.0890625 0.34375 0.178125
23 0.2171875 0.40625 0.18125 0.290625
23 0.17421875 0.67578125 0.0921875 0.228125
23 0.26171875 0.89296875 0.20625 0.2125