23 0.1640625 0.78203125 0.184375 0.2921875
23 0.340625 0.721875 0.2984375 0.3015625
23 0.215625 0.521875 0.2171875 0.24375
23 0.23828125 0.31171875 0.2109375 0.25
23 0.25859375 0.134375 0.2109375 0.26875
23 0.33203125 0.4375 0.2875 0.3140625
23 0.3921875 0.19140625 0.2359375 0.2453125
23 0.25234375 0.9046875 0.2390625 0.1625
23 0.4265625 0.953125 0.146875 0.09375
23 0.459375 0.85625 0.11875 0.18125
23 0.6125 0.71796875 0.325 0.26875
23 0.53203125 0.46796875 0.221875 0.3375
23 0.5640625 0.1046875 0.25625 0.209375
23 0.61328125 0.23515625 0.2765625 0.284375
23 0.68671875 0.4234375 0.303125 0.3703125
23 0.6484375 0.91171875 0.3625 0.1765625
23 0.76953125 0.62734375 0.215625 0.309375
23 0.84453125 0.36484375 0.11875 0.2375
23 0.784375 0.1390625 0.23125 0.2359375