23 0.7390625 0.13984375 0.196875 0.2796875
23 0.5875 0.240625 0.3109375 0.3140625
23 0.765625 0.39609375 0.228125 0.2515625
23 0.80546875 0.603125 0.221875 0.2578125
23 0.84296875 0.79921875 0.225 0.315625
23 0.67890625 0.51015625 0.3 0.325
23 0.69296875 0.76328125 0.2453125 0.2546875
23 0.6171875 0.06328125 0.24375 0.1265625
23 0.4359375 0.046875 0.15 0.09375
23 0.434375 0.14765625 0.1265625 0.1859375
23 0.32890625 0.325 0.3359375 0.28125
23 0.47890625 0.540625 0.2359375 0.34375
23 0.55546875 0.8921875 0.2640625 0.215625
23 0.46875 0.78671875 0.2875 0.2953125
23 0.34375 0.62734375 0.31875 0.38125
23 0.23125 0.13046875 0.36875 0.234375
23 0.20546875 0.45703125 0.228125 0.3171875
23 0.209375 0.7296875 0.1296875 0.240625
23 0.3328125 0.90234375 0.240625 0.1953125