14 0.4140625 0.28125 0.396875 0.3890625
14 0.4359375 0.54609375 0.3046875 0.428125
14 0.6125 0.3265625 0.303125 0.3953125
14 0.72578125 0.578125 0.3703125 0.49375
20 0.49453125 0.046875 0.071875 0.065625
20 0.209375 0.15703125 0.090625 0.0984375
20 0.2953125 0.82421875 0.140625 0.1109375
20 0.74609375 0.68203125 0.1265625 0.15
20 0.65859375 0.52734375 0.1703125 0.2015625
20 0.53671875 0.63203125 0.0734375 0.0875
20 0.4375 0.3890625 0.0765625 0.0875
20 0.56328125 0.2515625 0.06875 0.0796875
20 0.83359375 0.53828125 0.0703125 0.0765625