14 0.4859375 0.265625 0.3421875 0.3328125
14 0.42421875 0.52421875 0.2328125 0.396875
14 0.66015625 0.3703125 0.2390625 0.3609375
14 0.690625 0.64375 0.2875 0.453125
20 0.634375 0.0671875 0.0640625 0.0546875
20 0.3296875 0.084375 0.075 0.0875
20 0.20546875 0.7453125 0.128125 0.0890625
20 0.678125 0.74921875 0.103125 0.134375
20 0.6421875 0.575 0.1390625 0.18125
20 0.49453125 0.63671875 0.059375 0.078125
20 0.475 0.375 0.0625 0.0765625
20 0.63671875 0.28359375 0.05625 0.071875
20 0.80546875 0.63984375 0.059375 0.0671875