14 0.47734375 0.265625 0.33125 0.321875
14 0.425 0.5265625 0.21875 0.390625
14 0.65546875 0.3640625 0.2265625 0.353125
14 0.6953125 0.63671875 0.271875 0.4453125
20 0.61953125 0.06328125 0.0625 0.053125
20 0.31484375 0.090625 0.071875 0.084375
20 0.2140625 0.75546875 0.125 0.084375
20 0.68671875 0.74296875 0.0984375 0.13125
20 0.64453125 0.56953125 0.1328125 0.1765625
20 0.49921875 0.63671875 0.0578125 0.0765625
20 0.47109375 0.37578125 0.0609375 0.075
20 0.62890625 0.27890625 0.053125 0.0703125
20 0.81015625 0.62890625 0.0578125 0.065625