14 0.4734375 0.73359375 0.32578125 0.315625
14 0.42578125 0.471875 0.2125 0.38671875
14 0.653125 0.63828125 0.2203125 0.35
14 0.69765625 0.36640625 0.26484375 0.440625
20 0.61171875 0.9390625 0.0609375 0.05234375
20 0.3078125 0.90625 0.07109375 0.08359375
20 0.21875 0.23984375 0.1234375 0.08203125
20 0.690625 0.26015625 0.096875 0.1296875
20 0.64609375 0.4328125 0.1296875 0.17421875
20 0.5015625 0.36328125 0.05625 0.07578125
20 0.46875 0.6234375 0.059375 0.07421875
20 0.625 0.7234375 0.05234375 0.06875
20 0.8125 0.3765625 0.05625 0.0640625