14 0.55859375 0.27265625 0.3671875 0.3578125
14 0.56953125 0.53828125 0.2640625 0.4125
14 0.36796875 0.34140625 0.2671875 0.3765625
14 0.2859375 0.6046875 0.3234375 0.4734375
20 0.45078125 0.05 0.0671875 0.0609375
20 0.746875 0.12421875 0.0828125 0.0921875
20 0.7421875 0.796875 0.134375 0.0984375
20 0.278125 0.7109375 0.1140625 0.1421875
20 0.34609375 0.54609375 0.153125 0.190625
20 0.4796875 0.63515625 0.065625 0.0828125
20 0.5484375 0.38203125 0.06875 0.08125
20 0.40703125 0.26171875 0.0609375 0.075
20 0.1734375 0.57890625 0.0640625 0.071875