23 0.5625 0.353125 0.159375 0.190625
23 0.6125 0.5 0.2171875 0.1953125
23 0.53515625 0.24765625 0.2890625 0.2640625
23 0.36015625 0.284375 0.221875 0.246875
23 0.3046875 0.46640625 0.2109375 0.23125
23 0.446875 0.44765625 0.1453125 0.209375
23 0.39921875 0.63125 0.2515625 0.2328125
23 0.48125 0.81640625 0.190625 0.21875
23 0.62265625 0.9203125 0.2171875 0.159375
23 0.5875 0.6734375 0.2015625 0.246875
23 0.721875 0.32109375 0.209375 0.2984375
23 0.7203125 0.60859375 0.159375 0.271875
23 0.678125 0.8171875 0.20625 0.265625