23 0.53828125 0.6546875 0.15625 0.1890625
23 0.6109375 0.51796875 0.2140625 0.1921875
23 0.4953125 0.7546875 0.2859375 0.259375
23 0.328125 0.690625 0.2171875 0.24375
23 0.3015625 0.50234375 0.20625 0.228125
23 0.4390625 0.54375 0.1421875 0.2078125
23 0.42109375 0.35390625 0.2484375 0.228125
23 0.53046875 0.184375 0.1875 0.215625
23 0.68828125 0.09453125 0.2140625 0.175
23 0.61328125 0.34296875 0.196875 0.24375
23 0.69140625 0.71171875 0.2046875 0.2953125
23 0.734375 0.42734375 0.1546875 0.2703125
23 0.72578125 0.2140625 0.203125 0.2625