23 0.55703125 0.3515625 0.153125 0.1859375
23 0.61171875 0.49609375 0.2109375 0.1890625
23 0.5265625 0.24609375 0.28125 0.2546875
23 0.353125 0.28984375 0.2140625 0.240625
23 0.303125 0.4734375 0.203125 0.225
23 0.44453125 0.44921875 0.1390625 0.20625
23 0.40390625 0.63515625 0.24375 0.225
23 0.4921875 0.8171875 0.184375 0.2125
23 0.6375 0.91953125 0.2125 0.1609375
23 0.59375 0.6703125 0.19375 0.240625
23 0.715625 0.31328125 0.2 0.2921875
23 0.72421875 0.60078125 0.15 0.26875
23 0.6890625 0.8109375 0.1984375 0.259375