23 0.4328125 0.64453125 0.165625 0.1953125
23 0.3875 0.49609375 0.221875 0.2015625
23 0.45546875 0.75078125 0.296875 0.271875
23 0.63203125 0.7203125 0.2296875 0.253125
23 0.69453125 0.540625 0.2171875 0.2375
23 0.5515625 0.5546875 0.1515625 0.2140625
23 0.60546875 0.371875 0.2578125 0.2390625
23 0.53046875 0.184375 0.1984375 0.2234375
23 0.3921875 0.07890625 0.221875 0.1578125
23 0.41875 0.32421875 0.2078125 0.253125
23 0.271875 0.67109375 0.21875 0.303125
23 0.28359375 0.38359375 0.1671875 0.2765625
23 0.3328125 0.1765625 0.215625 0.2703125