10 0.10546875 0.153125 0.19921875 0.28984375
10 0.3109375 0.89609375 0.1546875 0.1828125
10 0.48359375 0.38671875 0.16484375 0.26328125
10 0.66953125 0.596875 0.275 0.32109375
10 0.35859375 0.25 0.23828125 0.36484375
29 0.2765625 0.5265625 0.24375 0.25
36 0.57109375 0.88671875 0.26171875 0.2234375
36 0.85390625 0.9109375 0.2859375 0.17578125
6 0.88125 0.4109375 0.1890625 0.23359375
2 0.90625 0.6875 0.17734375 0.253125
2 0.6984375 0.11328125 0.146875 0.2265625
36 0.8875 0.1234375 0.20859375 0.246875