15 0.2265625 0.82578125 0.13125 0.2140625
15 0.33125 0.72265625 0.1578125 0.1859375
15 0.24296875 0.63203125 0.1390625 0.2109375
15 0.46484375 0.83046875 0.2859375 0.2859375
15 0.47734375 0.5640625 0.2671875 0.33125
15 0.3015625 0.44140625 0.2421875 0.4140625
15 0.44765625 0.290625 0.28125 0.3046875
15 0.61484375 0.346875 0.2234375 0.2671875
15 0.6625 0.61171875 0.20625 0.2640625
15 0.73046875 0.46796875 0.184375 0.2203125
15 0.69765625 0.23359375 0.1765625 0.20625
15 0.52421875 0.1296875 0.2578125 0.259375