15 0.21015625 0.1890625 0.140625 0.2203125
15 0.31953125 0.28671875 0.1671875 0.1921875
15 0.23671875 0.38125 0.1484375 0.215625
15 0.44765625 0.171875 0.2984375 0.2984375
15 0.47421875 0.43671875 0.28125 0.34375
15 0.3046875 0.56875 0.2609375 0.4234375
15 0.45859375 0.7125 0.2953125 0.3171875
15 0.62265625 0.646875 0.2359375 0.2765625
15 0.65625 0.38046875 0.21875 0.2734375
15 0.73125 0.51953125 0.19375 0.228125
15 0.71171875 0.75546875 0.1859375 0.2140625
15 0.54296875 0.865625 0.2703125 0.26875