5 0.87109375 0.14765625 0.175 0.1
5 0.82265625 0.31640625 0.2296875 0.1984375
5 0.925 0.4625 0.15 0.171875
5 0.840625 0.653125 0.1890625 0.159375
5 0.9484375 0.74453125 0.103125 0.0671875
5 0.68671875 0.16015625 0.2203125 0.078125
5 0.57578125 0.3328125 0.259375 0.1921875
5 0.715625 0.4953125 0.21875 0.1796875
5 0.6140625 0.68359375 0.2546875 0.2015625
5 0.7234375 0.77578125 0.240625 0.0890625
5 0.4484375 0.5203125 0.259375 0.1765625
5 0.30546875 0.3546875 0.2296875 0.1828125
5 0.44296875 0.20234375 0.1984375 0.0921875
5 0.50859375 0.79609375 0.1640625 0.096875
5 0.37265625 0.69375 0.190625 0.171875
5 0.27265625 0.83125 0.2265625 0.1015625
5 0.2265625 0.5765625 0.2265625 0.2015625
5 0.19296875 0.2546875 0.259375 0.1328125
5 0.08359375 0.42734375 0.1671875 0.1671875
5 0.13046875 0.7578125 0.2203125 0.2296875