5 0.9328125 0.7359375 0.134375 0.1
5 0.8609375 0.5875 0.2296875 0.1984375
5 0.921875 0.4171875 0.15625 0.171875
5 0.78515625 0.25859375 0.1890625 0.159375
5 0.88359375 0.134375 0.14375 0.0671875
5 0.7734375 0.77578125 0.2203125 0.078125
5 0.61875 0.63984375 0.259375 0.1921875
5 0.70859375 0.4453125 0.21875 0.1796875
5 0.559375 0.2921875 0.2546875 0.2015625
5 0.6390625 0.1734375 0.240625 0.0890625
5 0.44453125 0.49453125 0.259375 0.1765625
5 0.353125 0.69375 0.2296875 0.1828125
5 0.52734375 0.8015625 0.1984375 0.0921875
5 0.4265625 0.21328125 0.1640625 0.096875
5 0.32421875 0.3484375 0.190625 0.171875
5 0.190625 0.24453125 0.2265625 0.1015625
5 0.21640625 0.50234375 0.2265625 0.2015625
5 0.27265625 0.8203125 0.259375 0.1328125
5 0.11171875 0.6875 0.1859375 0.1671875
5 0.0921875 0.35390625 0.184375 0.2296875