5 0.08046875 0.78984375 0.1609375 0.0796875
5 0.15234375 0.63046875 0.2109375 0.175
5 0.06953125 0.46953125 0.1390625 0.1578125
5 0.18828125 0.2953125 0.1734375 0.1390625
5 0.07421875 0.18515625 0.1390625 0.0515625
5 0.2625 0.80703125 0.2171875 0.053125
5 0.39921875 0.653125 0.2421875 0.165625
5 0.28671875 0.47109375 0.2015625 0.15625
5 0.415625 0.30078125 0.2359375 0.175
5 0.32265625 0.19296875 0.2359375 0.0609375
5 0.55390625 0.4875 0.24375 0.1484375
5 0.66953125 0.67421875 0.2125 0.1578125
5 0.509375 0.80234375 0.1921875 0.06875
5 0.53828125 0.20625 0.15625 0.078125
5 0.65625 0.328125 0.1734375 0.153125
5 0.7765625 0.20859375 0.2203125 0.075
5 0.78203125 0.4671875 0.20625 0.178125
5 0.76484375 0.790625 0.25 0.103125
5 0.90859375 0.63828125 0.1703125 0.146875
5 0.903125 0.303125 0.19375 0.209375