5 0.08359375 0.20234375 0.16640625 0.07734375
5 0.1546875 0.36328125 0.20859375 0.17109375
5 0.06875 0.52265625 0.1375 0.1546875
5 0.184375 0.69921875 0.17109375 0.13671875
5 0.06875 0.80703125 0.1375 0.0484375
5 0.26796875 0.1890625 0.215625 0.04921875
5 0.4015625 0.3453125 0.23984375 0.1609375
5 0.2859375 0.525 0.19921875 0.153125
5 0.4125 0.69765625 0.23359375 0.17109375
5 0.3171875 0.80390625 0.23515625 0.05625
5 0.55390625 0.51328125 0.24140625 0.14453125
5 0.67265625 0.32890625 0.21015625 0.1546875
5 0.51484375 0.19765625 0.190625 0.065625
5 0.5328125 0.79453125 0.1546875 0.07578125
5 0.653125 0.67421875 0.17109375 0.15
5 0.77109375 0.79609375 0.21875 0.07109375
5 0.78125 0.5375 0.20390625 0.17421875
5 0.76953125 0.2140625 0.2484375 0.0984375
5 0.9109375 0.36875 0.16796875 0.14453125
5 0.9015625 0.70390625 0.19375 0.20546875