5 0.1 0.81875 0.1703125 0.0859375
5 0.1625 0.6546875 0.2171875 0.18125
5 0.0703125 0.49921875 0.140625 0.1609375
5 0.17421875 0.3171875 0.178125 0.1453125
5 0.06171875 0.215625 0.1234375 0.05625
5 0.284375 0.82265625 0.2171875 0.0609375
5 0.41015625 0.659375 0.2484375 0.1734375
5 0.28515625 0.4859375 0.20625 0.1640625
5 0.40234375 0.30703125 0.2421875 0.1828125
5 0.3015625 0.20625 0.2375 0.06875
5 0.553125 0.48359375 0.2484375 0.15625
5 0.68125 0.66171875 0.2171875 0.165625
5 0.53046875 0.80078125 0.19375 0.075
5 0.5171875 0.20390625 0.1578125 0.084375
5 0.64375 0.31796875 0.178125 0.159375
5 0.75546875 0.18984375 0.221875 0.0828125
5 0.77890625 0.44765625 0.2125 0.184375
5 0.784375 0.77109375 0.253125 0.1109375
5 0.91484375 0.609375 0.1703125 0.153125
5 0.890625 0.275 0.2046875 0.215625