27 0.68125 0.90546875 0.240625 0.1890625
27 0.70234375 0.69609375 0.259375 0.34375
27 0.72734375 0.428125 0.2625 0.3078125
27 0.7546875 0.16796875 0.2640625 0.30625
27 0.4640625 0.94765625 0.21875 0.1046875
27 0.50390625 0.8046875 0.28125 0.2703125
27 0.5421875 0.55078125 0.3109375 0.2890625
27 0.55234375 0.284375 0.290625 0.3109375
27 0.5609375 0.08359375 0.28125 0.1671875
27 0.2625 0.88671875 0.28125 0.2078125
27 0.30625 0.66484375 0.31875 0.3140625
27 0.3234375 0.40390625 0.30625 0.309375
27 0.32890625 0.146875 0.2765625 0.29375