34 0.48046875 0.16875 0.3890625 0.3375
34 0.7796875 0.23359375 0.29375 0.275
34 0.7625 0.42890625 0.23125 0.2265625
34 0.6203125 0.32890625 0.2 0.1765625
34 0.4046875 0.38515625 0.1671875 0.2015625
34 0.51328125 0.39609375 0.2375 0.2515625
34 0.615625 0.5484375 0.1875 0.225
34 0.721875 0.63046875 0.1828125 0.225
34 0.67265625 0.8234375 0.2484375 0.2734375
34 0.55078125 0.925 0.1578125 0.15
34 0.53359375 0.7203125 0.2 0.31875
34 0.4421875 0.584375 0.21875 0.25
34 0.2984375 0.43984375 0.18125 0.2421875
34 0.30078125 0.5671875 0.1515625 0.2046875
34 0.2828125 0.725 0.1890625 0.2265625
34 0.3609375 0.7078125 0.1796875 0.1921875
34 0.43125 0.88671875 0.2 0.2265625
34 0.3171875 0.8765625 0.175 0.2078125