27 0.784375 0.1390625 0.2484375 0.2296875
27 0.74609375 0.3625 0.275 0.353125
27 0.70078125 0.628125 0.275 0.3171875
27 0.66015625 0.8640625 0.2765625 0.271875
27 0.5828125 0.05703125 0.221875 0.1140625
27 0.5828125 0.20703125 0.2921875 0.2828125
27 0.55390625 0.46171875 0.3234375 0.3015625
27 0.49453125 0.721875 0.303125 0.321875
27 0.45 0.9140625 0.2875 0.171875
27 0.36953125 0.0875 0.2890625 0.175
27 0.35546875 0.290625 0.33125 0.328125
27 0.30390625 0.54765625 0.31875 0.321875
27 0.23984375 0.81171875 0.290625 0.3359375