34 0.4859375 0.16953125 0.39375 0.3390625
34 0.784375 0.23828125 0.296875 0.278125
34 0.7640625 0.43359375 0.2328125 0.228125
34 0.6234375 0.33125 0.2015625 0.1796875
34 0.40703125 0.38359375 0.1703125 0.2015625
34 0.515625 0.396875 0.2390625 0.2546875
34 0.61484375 0.55 0.190625 0.2265625
34 0.71953125 0.634375 0.184375 0.2265625
34 0.6671875 0.8265625 0.2515625 0.275
34 0.54375 0.925 0.159375 0.15
34 0.5296875 0.72109375 0.2046875 0.3203125
34 0.440625 0.58359375 0.221875 0.2515625
34 0.29921875 0.4359375 0.184375 0.24375
34 0.3 0.56328125 0.1546875 0.20625
34 0.27890625 0.72109375 0.190625 0.228125
34 0.35703125 0.70546875 0.1828125 0.19375
34 0.42578125 0.8859375 0.2015625 0.228125
34 0.31015625 0.87265625 0.178125 0.209375