34 0.3609375 0.8234375 0.3625 0.353125
34 0.671875 0.84609375 0.275 0.253125
34 0.72265625 0.65625 0.215625 0.209375
34 0.5546875 0.7015625 0.1890625 0.1609375
34 0.37109375 0.57578125 0.1515625 0.190625
34 0.47734375 0.6015625 0.21875 0.2359375
34 0.625 0.49375 0.1703125 0.2125
34 0.753125 0.453125 0.1640625 0.2140625
34 0.7734375 0.2546875 0.228125 0.25625
34 0.7 0.1015625 0.14375 0.1734375
34 0.60703125 0.3046875 0.171875 0.3109375
34 0.47421875 0.40078125 0.1984375 0.2359375
34 0.28984375 0.4875 0.1609375 0.2328125
34 0.3359375 0.36875 0.134375 0.196875
34 0.37265625 0.2140625 0.1703125 0.2140625
34 0.43984375 0.25703125 0.165625 0.1796875
34 0.56875 0.1125 0.1828125 0.2140625
34 0.45625 0.090625 0.159375 0.18125