27 0.80390625 0.1546875 0.25625 0.240625
27 0.753125 0.37578125 0.2890625 0.3609375
27 0.69453125 0.6390625 0.2875 0.3265625
27 0.63984375 0.865625 0.2890625 0.26875
27 0.6046875 0.0625 0.225 0.125
27 0.59765625 0.21171875 0.3015625 0.29375
27 0.55625 0.46484375 0.334375 0.3140625
27 0.48359375 0.721875 0.315625 0.3328125
27 0.42734375 0.909375 0.2921875 0.18125
27 0.39296875 0.08671875 0.2953125 0.1734375
27 0.36640625 0.2828125 0.3421875 0.340625
27 0.30234375 0.53671875 0.33125 0.3328125
27 0.2234375 0.79765625 0.3046875 0.3453125