34 0.17578125 0.3609375 0.3515625 0.3625
34 0.15390625 0.671875 0.253125 0.275
34 0.34375 0.72265625 0.209375 0.215625
34 0.2984375 0.5546875 0.1609375 0.1890625
34 0.42421875 0.37109375 0.190625 0.1515625
34 0.3984375 0.47734375 0.2359375 0.21875
34 0.50625 0.625 0.2125 0.1703125
34 0.546875 0.753125 0.2140625 0.1640625
34 0.7453125 0.7734375 0.25625 0.228125
34 0.8984375 0.7 0.1734375 0.14375
34 0.6953125 0.60703125 0.3109375 0.171875
34 0.59921875 0.47421875 0.2359375 0.1984375
34 0.5125 0.28984375 0.2328125 0.1609375
34 0.63125 0.3359375 0.196875 0.134375
34 0.7859375 0.37265625 0.2140625 0.1703125
34 0.74296875 0.43984375 0.1796875 0.165625
34 0.8875 0.56875 0.2140625 0.1828125
34 0.90859375 0.45625 0.1828125 0.159375