27 0.66015625 0.9078125 0.2484375 0.184375
27 0.6921875 0.70703125 0.275 0.353125
27 0.73125 0.43984375 0.275 0.3171875
27 0.771875 0.18125 0.2765625 0.315625
27 0.440625 0.94375 0.221875 0.1125
27 0.48828125 0.80390625 0.2921875 0.2828125
27 0.53984375 0.553125 0.3234375 0.3015625
27 0.5640625 0.28671875 0.303125 0.321875
27 0.5828125 0.08828125 0.2875 0.1765625
27 0.2421875 0.8734375 0.2890625 0.2203125
27 0.29765625 0.6546875 0.33125 0.328125
27 0.328125 0.39453125 0.31875 0.321875
27 0.3484375 0.1453125 0.290625 0.290625