34 0.8109375 0.6671875 0.378125 0.384375
34 0.86015625 0.359375 0.271875 0.290625
34 0.675 0.2921875 0.2234375 0.228125
34 0.70625 0.46328125 0.1734375 0.1984375
34 0.5640625 0.63515625 0.2 0.165625
34 0.59921875 0.53125 0.25 0.234375
34 0.5046875 0.375 0.221875 0.1859375
34 0.475 0.24375 0.2234375 0.1796875
34 0.2796875 0.20625 0.2703125 0.2453125
34 0.12109375 0.26640625 0.18125 0.1546875
34 0.31484375 0.3765625 0.31875 0.1953125
34 0.39921875 0.5171875 0.246875 0.215625
34 0.46953125 0.70859375 0.240625 0.178125
34 0.3546875 0.65234375 0.203125 0.1484375
34 0.2046875 0.6015625 0.2234375 0.1859375
34 0.253125 0.53828125 0.1890625 0.178125
34 0.1203125 0.39765625 0.225 0.196875
34 0.0921875 0.50703125 0.184375 0.1734375