27 0.72421875 0.90078125 0.2203125 0.1984375
27 0.721875 0.67421875 0.22734375 0.32109375
27 0.71875 0.4046875 0.23359375 0.284375
27 0.71875 0.14296875 0.23515625 0.2828125
27 0.51171875 0.95390625 0.21015625 0.0921875
27 0.5359375 0.80234375 0.25625 0.2453125
27 0.54765625 0.54609375 0.2859375 0.26015625
27 0.5296875 0.2796875 0.26171875 0.284375
27 0.51640625 0.07578125 0.26796875 0.14765625
27 0.30390625 0.909375 0.26328125 0.18125
27 0.32421875 0.684375 0.28984375 0.2859375
27 0.3140625 0.42265625 0.278125 0.28125
27 0.29140625 0.1515625 0.246875 0.30078125