34 0.5984375 0.840625 0.325 0.31875
34 0.2875 0.82265625 0.25 0.225
34 0.26015625 0.628125 0.19375 0.1875
34 0.42109375 0.69375 0.171875 0.140625
34 0.61875 0.590625 0.13125 0.175
34 0.51015625 0.60390625 0.19375 0.2140625
34 0.3765625 0.47890625 0.146875 0.196875
34 0.2546875 0.42265625 0.140625 0.196875
34 0.25859375 0.2234375 0.2 0.234375
34 0.35 0.08046875 0.125 0.159375
34 0.41796875 0.29296875 0.1375 0.296875
34 0.5375 0.4046875 0.175 0.215625
34 0.71015625 0.51328125 0.134375 0.2171875
34 0.67890625 0.38984375 0.1125 0.184375
34 0.6609375 0.23203125 0.146875 0.196875
34 0.5890625 0.26640625 0.146875 0.1625
34 0.47890625 0.10703125 0.159375 0.196875
34 0.59375 0.0921875 0.1375 0.18125