5 0.79765625 0.571875 0.1703125 0.2265625
5 0.61640625 0.609375 0.1765625 0.2296875
5 0.4859375 0.475 0.1703125 0.184375
5 0.3140625 0.76640625 0.2203125 0.1390625
5 0.61328125 0.7796875 0.203125 0.1015625
5 0.83515625 0.77265625 0.215625 0.1078125
5 0.9375 0.5734375 0.125 0.184375
5 0.9234375 0.72265625 0.153125 0.2015625
5 0.87578125 0.4609375 0.15 0.115625
5 0.8734375 0.31796875 0.1328125 0.14375
5 0.94140625 0.26015625 0.1125 0.209375
5 0.8484375 0.19140625 0.128125 0.065625
5 0.76875 0.34765625 0.146875 0.175
5 0.64296875 0.41875 0.1734375 0.1484375
5 0.6625 0.2734375 0.14375 0.15
5 0.396875 0.61796875 0.1796875 0.1625
5 0.115625 0.72734375 0.2234375 0.159375
5 0.54296875 0.2265625 0.14375 0.1265625
5 0.48359375 0.30234375 0.125 0.1359375
5 0.403125 0.22890625 0.15625 0.1109375
5 0.35078125 0.33984375 0.109375 0.159375
5 0.2734375 0.24375 0.0984375 0.121875
5 0.14453125 0.34140625 0.121875 0.171875
5 0.25703125 0.33125 0.1125 0.1359375
5 0.165625 0.209375 0.1078125 0.0796875
5 0.03984375 0.2296875 0.0796875 0.1125