5 0.21015625 0.40234375 0.18125 0.234375
5 0.39296875 0.38046875 0.1875 0.2390625
5 0.51171875 0.52578125 0.178125 0.1921875
5 0.70859375 0.25078125 0.228125 0.15
5 0.4109375 0.21171875 0.2078125 0.1125
5 0.18984375 0.19921875 0.2203125 0.11875
5 0.06953125 0.38828125 0.1375 0.190625
5 0.09453125 0.24140625 0.16875 0.209375
5 0.121875 0.50625 0.1546875 0.1234375
5 0.11171875 0.64921875 0.1390625 0.15
5 0.05078125 0.7 0.1015625 0.215625
5 0.12578125 0.7765625 0.13125 0.0734375
5 0.21953125 0.628125 0.15625 0.1828125
5 0.35 0.56875 0.18125 0.1578125
5 0.31875 0.7109375 0.1515625 0.1578125
5 0.61328125 0.39140625 0.1875 0.171875
5 0.89296875 0.30625 0.2140625 0.171875
5 0.43359375 0.76875 0.15 0.1328125
5 0.49921875 0.6984375 0.1328125 0.1421875
5 0.57265625 0.778125 0.1625 0.11875
5 0.634375 0.67265625 0.1171875 0.165625
5 0.703125 0.775 0.1046875 0.1265625
5 0.83984375 0.6890625 0.1296875 0.178125
5 0.72734375 0.6890625 0.11875 0.140625
5 0.8078125 0.81796875 0.1125 0.084375
5 0.93671875 0.809375 0.0890625 0.1171875