5 0.80625 0.496875 0.215625 0.2578125
5 0.63828125 0.41953125 0.221875 0.2625
5 0.48125 0.52109375 0.2046875 0.215625
5 0.37890625 0.1984375 0.2453125 0.184375
5 0.6734375 0.253125 0.21875 0.14375
5 0.8859375 0.309375 0.228125 0.153125
5 0.93046875 0.52734375 0.1390625 0.2078125
5 0.9328125 0.3796875 0.134375 0.23125
5 0.8578125 0.62265625 0.1703125 0.1453125
5 0.82265625 0.76171875 0.159375 0.16875
5 0.8765625 0.83125 0.15625 0.228125
5 0.7703125 0.87890625 0.1390625 0.0921875
5 0.72734375 0.70859375 0.18125 0.203125
5 0.62109375 0.61171875 0.2015625 0.1828125
5 0.60703125 0.75703125 0.1734375 0.178125
5 0.42578125 0.36171875 0.2109375 0.196875
5 0.1765625 0.1921875 0.2515625 0.2046875
5 0.48046875 0.77578125 0.1671875 0.1546875
5 0.4390625 0.68828125 0.1515625 0.159375
5 0.34453125 0.7421875 0.1765625 0.1421875
5 0.31875 0.62265625 0.1421875 0.1796875
5 0.221875 0.6984375 0.1234375 0.140625
5 0.11796875 0.575 0.15625 0.19375
5 0.22578125 0.609375 0.1390625 0.15625
5 0.109375 0.7078125 0.121875 0.1015625
5 0.02109375 0.659375 0.0421875 0.128125