5 0.196875 0.459375 0.1921875 0.2421875
5 0.37265625 0.403125 0.1984375 0.246875
5 0.51640625 0.5234375 0.1875 0.2
5 0.65703125 0.215625 0.2328125 0.1609375
5 0.3578125 0.234375 0.2109375 0.121875
5 0.13828125 0.2640625 0.225 0.1296875
5 0.0640625 0.471875 0.128125 0.196875
5 0.0703125 0.32265625 0.140625 0.2171875
5 0.13046875 0.578125 0.1609375 0.1296875
5 0.14765625 0.7203125 0.1453125 0.15625
5 0.0859375 0.7828125 0.134375 0.2203125
5 0.1859375 0.84296875 0.1328125 0.0796875
5 0.24921875 0.6796875 0.1640625 0.1890625
5 0.36640625 0.59609375 0.1875 0.165625
5 0.36171875 0.7421875 0.1578125 0.1640625
5 0.590625 0.371875 0.1953125 0.1796875
5 0.85859375 0.234375 0.2375 0.18125
5 0.4859375 0.7765625 0.1546875 0.1390625
5 0.5375 0.69453125 0.1390625 0.146875
5 0.625 0.759375 0.1671875 0.1265625
5 0.66484375 0.64375 0.125 0.1703125
5 0.7515625 0.73125 0.1109375 0.13125
5 0.86953125 0.6203125 0.1390625 0.1828125
5 0.759375 0.6421875 0.125 0.1453125
5 0.8625 0.75390625 0.115625 0.0890625
5 0.96953125 0.71953125 0.0609375 0.1203125