7 0.05625 0.6203125 0.11171875 0.25625
7 0.10390625 0.38828125 0.16953125 0.17109375
7 0.26796875 0.36171875 0.27109375 0.26796875
7 0.1828125 0.5671875 0.13359375 0.15625
7 0.36484375 0.6875 0.11484375 0.10390625
7 0.3109375 0.6234375 0.10703125 0.08515625
7 0.38359375 0.54453125 0.1578125 0.14609375
7 0.53984375 0.45546875 0.11171875 0.10234375
7 0.56875 0.7140625 0.13671875 0.13671875
7 0.60703125 0.57578125 0.153125 0.16484375
7 0.66953125 0.71015625 0.1 0.11171875
7 0.775 0.67578125 0.10390625 0.0921875
7 0.76015625 0.58515625 0.1625 0.10390625