7 0.05625 0.6046875 0.1125 0.259375
7 0.1078125 0.37421875 0.175 0.1765625
7 0.27265625 0.35390625 0.2796875 0.2765625
7 0.18046875 0.55625 0.1390625 0.1609375
7 0.35859375 0.6828125 0.11875 0.1078125
7 0.30703125 0.61640625 0.109375 0.0890625
7 0.38203125 0.540625 0.1625 0.1515625
7 0.54140625 0.45703125 0.115625 0.10625
7 0.5609375 0.71640625 0.1421875 0.1421875
7 0.6046875 0.5796875 0.159375 0.1703125
7 0.66171875 0.715625 0.103125 0.115625
7 0.76875 0.68515625 0.1078125 0.0953125
7 0.75703125 0.59453125 0.165625 0.109375