7 0.61171875 0.94375 0.2578125 0.1125
7 0.38125 0.89375 0.1734375 0.171875
7 0.3578125 0.7296875 0.2734375 0.275
7 0.56171875 0.81796875 0.1578125 0.1359375
7 0.68515625 0.63828125 0.10625 0.1171875
7 0.6203125 0.69140625 0.0875 0.1078125
7 0.5421875 0.6171875 0.1484375 0.1609375
7 0.45625 0.459375 0.1046875 0.1140625
7 0.71484375 0.43515625 0.1390625 0.1390625
7 0.57734375 0.39453125 0.1671875 0.15625
7 0.71328125 0.334375 0.1140625 0.1015625
7 0.68046875 0.228125 0.09375 0.10625
7 0.58984375 0.24140625 0.10625 0.1640625