18 0.5671875 0.25546875 0.3796875 0.446875
18 0.35703125 0.7609375 0.3703125 0.4078125
18 0.66328125 0.88203125 0.1953125 0.2359375
18 0.834375 0.66484375 0.075 0.2296875
18 0.746875 0.72109375 0.06875 0.1125
18 0.34921875 0.546875 0.1453125 0.1671875
18 0.2140625 0.33515625 0.1609375 0.275
18 0.27890625 0.53515625 0.059375 0.078125
18 0.27578125 0.05625 0.1921875 0.1125
18 0.121875 0.82890625 0.1203125 0.253125
18 0.77578125 0.51171875 0.125 0.2046875
18 0.83515625 0.37265625 0.1546875 0.2453125
18 0.521875 0.50625 0.2015625 0.15
18 0.559375 0.77265625 0.096875 0.1234375
18 0.54296875 0.8796875 0.065625 0.0671875
18 0.38125 0.9640625 0.19375 0.071875
18 0.21640625 0.60625 0.0609375 0.0671875
18 0.4421875 0.07265625 0.065625 0.0640625
18 0.74140625 0.04375 0.0515625 0.034375
18 0.6703125 0.496875 0.08125 0.1046875