18 0.4671875 0.2484375 0.32578125 0.40625
18 0.60546875 0.778125 0.32265625 0.36640625
18 0.284375 0.85703125 0.16640625 0.21875
18 0.14609375 0.61640625 0.04453125 0.225
18 0.225 0.684375 0.05390625 0.10546875
18 0.64296875 0.5671875 0.125 0.1515625
18 0.80625 0.3765625 0.1265625 0.26015625
18 0.7140625 0.565625 0.04921875 0.07265625
18 0.7859375 0.06875 0.17421875 0.13671875
18 0.82890625 0.878125 0.0875 0.24375
18 0.225 0.4734375 0.0984375 0.1921875
18 0.1859375 0.32734375 0.1234375 0.23046875
18 0.47734375 0.503125 0.1859375 0.125
18 0.403125 0.76171875 0.08203125 0.11328125
18 0.4046875 0.8703125 0.0578125 0.059375
18 0.55234375 0.9765625 0.1890625 0.046875
18 0.76640625 0.64453125 0.05234375 0.0609375
18 0.61640625 0.08515625 0.0578125 0.05625
18 0.32421875 0.01484375 0.04765625 0.028125
18 0.33203125 0.4734375 0.06875 0.0953125