18 0.7515625 0.5328125 0.40625 0.32578125
18 0.221875 0.39453125 0.36640625 0.32265625
18 0.14296875 0.715625 0.21875 0.16640625
18 0.38359375 0.85390625 0.225 0.04453125
18 0.315625 0.775 0.10546875 0.05390625
18 0.4328125 0.35703125 0.1515625 0.125
18 0.6234375 0.19375 0.26015625 0.1265625
18 0.434375 0.2859375 0.07265625 0.04921875
18 0.93125 0.2140625 0.13671875 0.17421875
18 0.121875 0.17109375 0.24375 0.0875
18 0.5265625 0.775 0.1921875 0.0984375
18 0.67265625 0.8140625 0.23046875 0.1234375
18 0.496875 0.52265625 0.125 0.1859375
18 0.23828125 0.596875 0.11328125 0.08203125
18 0.1296875 0.5953125 0.059375 0.0578125
18 0.02265625 0.44609375 0.0453125 0.1890625
18 0.35546875 0.23359375 0.0609375 0.05234375
18 0.91484375 0.38359375 0.05625 0.0578125
18 0.98515625 0.67578125 0.028125 0.04765625
18 0.5265625 0.66796875 0.0953125 0.06875