18 0.25078125 0.45390625 0.4234375 0.346875
18 0.771875 0.61953125 0.3828125 0.340625
18 0.86796875 0.303125 0.2265625 0.178125
18 0.63515625 0.15234375 0.2265625 0.05625
18 0.6984375 0.23515625 0.1078125 0.059375
18 0.559375 0.64609375 0.1578125 0.1328125
18 0.3609375 0.79921875 0.2671875 0.140625
18 0.5546875 0.7171875 0.075 0.053125
18 0.06328125 0.7625 0.1265625 0.18125
18 0.86015625 0.8484375 0.2484375 0.1
18 0.4875 0.22421875 0.196875 0.1078125
18 0.34375 0.17734375 0.2359375 0.1359375
18 0.5046875 0.47734375 0.134375 0.1921875
18 0.76640625 0.4171875 0.1171875 0.0875
18 0.875 0.42421875 0.0625 0.0609375
18 0.9734375 0.578125 0.053125 0.190625
18 0.63046875 0.7734375 0.0640625 0.0546875
18 0.0796875 0.59453125 0.059375 0.0609375
18 0.025 0.29921875 0.03125 0.0484375
18 0.48203125 0.33125 0.0984375 0.0734375