18 0.2625 0.41171875 0.46875 0.409375
18 0.74765625 0.665625 0.4296875 0.396875
18 0.88515625 0.36953125 0.2296875 0.2109375
18 0.69296875 0.18125 0.2296875 0.09375
18 0.74140625 0.2734375 0.115625 0.0765625
18 0.53359375 0.6546875 0.1765625 0.15625
18 0.3109375 0.7703125 0.28125 0.18125
18 0.515625 0.7234375 0.08125 0.0640625
18 0.05078125 0.68125 0.1015625 0.2
18 0.79453125 0.90546875 0.2578125 0.140625
18 0.5359375 0.22578125 0.209375 0.1390625
18 0.40234375 0.15546875 0.2515625 0.171875
18 0.5078125 0.47890625 0.1640625 0.209375
18 0.7765625 0.46484375 0.128125 0.1046875
18 0.88203125 0.490625 0.0703125 0.0703125
18 0.95234375 0.659375 0.0875 0.1953125
18 0.58125 0.7921875 0.071875 0.0640625
18 0.06953125 0.5203125 0.0671875 0.06875
18 0.0671875 0.21953125 0.0375 0.053125
18 0.51171875 0.33046875 0.1078125 0.0890625