18 0.7453125 0.43671875 0.4421875 0.3734375
18 0.23671875 0.63828125 0.403125 0.365625
18 0.11953125 0.3296875 0.2375 0.1921875
18 0.34140625 0.16328125 0.228125 0.071875
18 0.28359375 0.24921875 0.1109375 0.065625
18 0.45078125 0.65 0.165625 0.1421875
18 0.66015625 0.7890625 0.2734375 0.1578125
18 0.4609375 0.7203125 0.078125 0.0578125
18 0.9421875 0.73046875 0.115625 0.1890625
18 0.16484375 0.87265625 0.253125 0.1171875
18 0.49296875 0.2234375 0.203125 0.121875
18 0.6328125 0.1671875 0.24375 0.15
18 0.49375 0.478125 0.146875 0.2
18 0.228125 0.4359375 0.121875 0.0953125
18 0.12109375 0.45078125 0.065625 0.0640625
18 0.034375 0.6109375 0.06875 0.19375
18 0.3890625 0.78203125 0.0671875 0.059375
18 0.92578125 0.56484375 0.0625 0.0640625
18 0.96015625 0.26640625 0.034375 0.05
18 0.50625 0.3296875 0.103125 0.0796875