18 0.48515625 0.246875 0.353125 0.428125
18 0.5859375 0.78515625 0.346875 0.3875
18 0.26015625 0.84140625 0.18125 0.2296875
18 0.1390625 0.59140625 0.059375 0.228125
18 0.2125 0.66484375 0.0609375 0.109375
18 0.63828125 0.57734375 0.1359375 0.159375
18 0.8140625 0.3984375 0.14375 0.26875
18 0.70859375 0.58046875 0.0546875 0.0765625
18 0.815625 0.08984375 0.1828125 0.1484375
18 0.80078125 0.8875 0.1046875 0.225
18 0.22734375 0.4546875 0.1109375 0.1984375
18 0.1984375 0.30546875 0.1390625 0.2390625
18 0.47734375 0.5015625 0.19375 0.1375
18 0.38515625 0.7546875 0.0890625 0.11875
18 0.37890625 0.8625 0.0625 0.0625
18 0.51796875 0.97421875 0.1921875 0.0515625
18 0.75546875 0.6625 0.05625 0.0640625
18 0.6453125 0.09453125 0.0609375 0.059375
18 0.3578125 0.009375 0.05 0.01875
18 0.334375 0.46171875 0.075 0.1