7 0.940625 0.45078125 0.11875 0.2703125
7 0.8734375 0.67265625 0.19375 0.1953125
7 0.7078125 0.67265625 0.309375 0.3078125
7 0.8234375 0.48359375 0.15625 0.175
7 0.6625 0.3359375 0.1296875 0.1203125
7 0.70625 0.4078125 0.11875 0.1015625
7 0.621875 0.47421875 0.178125 0.16875
7 0.45390625 0.5375 0.1265625 0.11875
7 0.465625 0.278125 0.15625 0.15625
7 0.40625 0.40859375 0.1765625 0.1875
7 0.365625 0.265625 0.115625 0.1265625
7 0.25625 0.28359375 0.1171875 0.1078125
7 0.25625 0.375 0.1765625 0.128125