7 0.53359375 0.06015625 0.2734375 0.1203125
7 0.31484375 0.1328125 0.2 0.1984375
7 0.3203125 0.2984375 0.3140625 0.3171875
7 0.50546875 0.17578125 0.178125 0.1609375
7 0.65859375 0.33125 0.1234375 0.1328125
7 0.58515625 0.290625 0.1046875 0.121875
7 0.521875 0.37734375 0.1734375 0.1828125
7 0.4640625 0.54765625 0.121875 0.1296875
7 0.7234375 0.5265625 0.1609375 0.1609375
7 0.59453125 0.590625 0.190625 0.18125
7 0.73828125 0.6265625 0.128125 0.11875
7 0.725 0.73671875 0.1109375 0.1203125
7 0.63359375 0.7390625 0.1328125 0.1796875