7 0.6203125 0.94375 0.25625 0.11171875
7 0.38828125 0.89609375 0.17109375 0.16953125
7 0.36171875 0.73203125 0.26796875 0.27109375
7 0.5671875 0.8171875 0.15625 0.13359375
7 0.6875 0.63515625 0.10390625 0.11484375
7 0.6234375 0.6890625 0.08515625 0.10703125
7 0.54453125 0.61640625 0.14609375 0.1578125
7 0.45546875 0.46015625 0.10234375 0.11171875
7 0.7140625 0.43125 0.13671875 0.13671875
7 0.57578125 0.39296875 0.16484375 0.153125
7 0.71015625 0.33046875 0.11171875 0.1
7 0.67578125 0.225 0.0921875 0.10390625
7 0.58515625 0.23984375 0.10390625 0.1625