5 0.621875 0.796875 0.271875 0.353125
5 0.2953125 0.521875 0.3109375 0.4984375
5 0.51484375 0.35625 0.440625 0.3828125
5 0.7859375 0.88671875 0.16875 0.2125
5 0.759375 0.7265625 0.1765625 0.115625
5 0.7046875 0.5671875 0.29375 0.234375
5 0.80625 0.3640625 0.134375 0.1578125
5 0.80546875 0.2015625 0.1265625 0.1828125
5 0.75234375 0.05390625 0.2015625 0.1078125
5 0.55625 0.1375 0.2140625 0.2421875
5 0.16015625 0.14140625 0.1015625 0.2609375
5 0.35234375 0.9265625 0.2734375 0.146875
5 0.325 0.08984375 0.25625 0.1734375