5 0.6625 0.2234375 0.315625 0.384375
5 0.3 0.45 0.375 0.53125
5 0.49453125 0.64453125 0.484375 0.4375
5 0.8375 0.15703125 0.19375 0.23125
5 0.78828125 0.31171875 0.1890625 0.1390625
5 0.7125 0.46171875 0.3203125 0.271875
5 0.784375 0.67734375 0.1546875 0.1734375
5 0.7609375 0.83828125 0.15 0.196875
5 0.68671875 0.9546875 0.2140625 0.090625
5 0.50546875 0.86640625 0.24375 0.2671875
5 0.11328125 0.8078125 0.1359375 0.2703125
5 0.41484375 0.07421875 0.2890625 0.1484375
5 0.26953125 0.88203125 0.275 0.20625