5 0.3234375 0.76796875 0.33125 0.39375
5 0.696875 0.5609375 0.396875 0.5421875
5 0.51328125 0.35625 0.5 0.4546875
5 0.1453125 0.82421875 0.203125 0.2375
5 0.20234375 0.67265625 0.19375 0.146875
5 0.2859375 0.5265625 0.3296875 0.2828125
5 0.225 0.30859375 0.1609375 0.178125
5 0.25703125 0.14921875 0.1578125 0.2015625
5 0.3375 0.04296875 0.21875 0.0859375
5 0.5140625 0.13515625 0.253125 0.2703125
5 0.90234375 0.2125 0.1484375 0.2734375
5 0.5609375 0.92421875 0.29375 0.1515625
5 0.75078125 0.13046875 0.28125 0.2171875