5 0.38828125 0.19921875 0.26015625 0.34375
5 0.70546875 0.48515625 0.29453125 0.48828125
5 0.48046875 0.64296875 0.42734375 0.36875
5 0.22734375 0.10390625 0.1609375 0.20703125
5 0.2484375 0.26484375 0.17265625 0.11015625
5 0.29765625 0.42578125 0.2859375 0.225
5 0.1890625 0.625 0.1296875 0.153125
5 0.184375 0.7875 0.1203125 0.17890625
5 0.23203125 0.9421875 0.19765625 0.11328125
5 0.43125 0.86015625 0.20546875 0.23515625
5 0.82734375 0.8703125 0.0921875 0.25859375
5 0.66171875 0.07421875 0.26796875 0.14765625
5 0.6609375 0.91640625 0.25 0.16484375