5 0.60625 0.80234375 0.265625 0.3484375
5 0.29453125 0.5109375 0.303125 0.49375
5 0.521875 0.35703125 0.434375 0.3765625
5 0.76484375 0.89765625 0.1640625 0.2046875
5 0.74765625 0.73984375 0.175 0.1125
5 0.70078125 0.578125 0.2890625 0.2296875
5 0.81328125 0.38046875 0.1328125 0.1546875
5 0.8203125 0.21796875 0.1234375 0.18125
5 0.77578125 0.0625 0.2 0.1171875
5 0.575 0.14140625 0.209375 0.2390625
5 0.178125 0.12734375 0.096875 0.2546875
5 0.33125 0.92265625 0.2703125 0.1515625
5 0.3453125 0.08203125 0.253125 0.1640625