18 0.42265625 0.21328125 0.3703125 0.190625
18 0.553125 0.85 0.40625 0.1828125
18 0.384375 0.36640625 0.1375 0.128125
18 0.42265625 0.421875 0.0796875 0.0765625
18 0.2984375 0.31328125 0.090625 0.090625
18 0.34375 0.44453125 0.0421875 0.05625
18 0.42578125 0.5515625 0.0796875 0.078125
18 0.23203125 0.47890625 0.1078125 0.0671875
18 0.21328125 0.54453125 0.0734375 0.0578125
18 0.28515625 0.6453125 0.0703125 0.096875
18 0.4109375 0.73125 0.0890625 0.078125
18 0.36640625 0.5640625 0.1984375 0.3515625