18 0.5265625 0.79609375 0.35234375 0.13125
18 0.50859375 0.14609375 0.39140625 0.11640625
18 0.590625 0.6515625 0.1203125 0.10859375
18 0.5625 0.590625 0.06875 0.065625
18 0.66640625 0.71875 0.07890625 0.07734375
18 0.64453125 0.58203125 0.034375 0.05078125
18 0.58203125 0.4625 0.06875 0.0671875
18 0.76015625 0.5671875 0.1 0.05078125
18 0.78984375 0.50625 0.065625 0.04765625
18 0.73671875 0.39453125 0.05625 0.0890625
18 0.628125 0.2875 0.07890625 0.065625
18 0.64296875 0.46015625 0.14296875 0.33203125