15 0.496875 0.61328125 0.2765625 0.2140625
15 0.58359375 0.3484375 0.13515625 0.14453125
15 0.8734375 0.403125 0.08046875 0.11484375
15 0.9625 0.434375 0.07265625 0.0984375
15 0.9625 0.346875 0.07265625 0.11484375
15 0.42109375 0.403125 0.20078125 0.1890625
15 0.590625 0.44375 0.1859375 0.2140625
15 0.7453125 0.465625 0.159375 0.1265625
15 0.73046875 0.5953125 0.253125 0.17421875
15 0.57890625 0.684375 0.159375 0.13984375
15 0.67578125 0.66953125 0.10546875 0.125
15 0.33515625 0.60703125 0.15625 0.14140625
15 0.23828125 0.54609375 0.1265625 0.08203125
15 0.35390625 0.4734375 0.253125 0.1828125