15 0.51328125 0.6125 0.29375 0.2375
15 0.403125 0.35625 0.146875 0.15625
15 0.11953125 0.4359375 0.090625 0.121875
15 0.03671875 0.47421875 0.0734375 0.1046875
15 0.03359375 0.38671875 0.0671875 0.1203125
15 0.5703125 0.396875 0.2171875 0.20625
15 0.4046875 0.4515625 0.203125 0.2296875
15 0.25234375 0.4875 0.1703125 0.140625
15 0.27890625 0.61484375 0.2671875 0.1953125
15 0.4375 0.690625 0.1703125 0.153125
15 0.33984375 0.684375 0.115625 0.134375
15 0.6734375 0.5921875 0.16875 0.1546875
15 0.76484375 0.5234375 0.1328125 0.0921875
15 0.64296875 0.4609375 0.26875 0.2046875