15 0.4953125 0.61328125 0.290625 0.2328125
15 0.42734375 0.34296875 0.1453125 0.153125
15 0.134375 0.37734375 0.0890625 0.1203125
15 0.04296875 0.40234375 0.0796875 0.103125
15 0.04921875 0.31484375 0.08125 0.1203125
15 0.58515625 0.40859375 0.2140625 0.203125
15 0.41328125 0.4375 0.2 0.2265625
15 0.2578125 0.4484375 0.1671875 0.1375
15 0.26328125 0.57890625 0.2640625 0.1921875
15 0.40859375 0.678125 0.16875 0.15
15 0.3125 0.65703125 0.1140625 0.1328125
15 0.65703125 0.61796875 0.165625 0.1515625
15 0.7578125 0.5640625 0.13125 0.090625
15 0.64765625 0.48359375 0.265625 0.2