15 0.50078125 0.61328125 0.284375 0.2234375
15 0.578125 0.3453125 0.140625 0.1484375
15 0.86953125 0.38984375 0.084375 0.1171875
15 0.96015625 0.41796875 0.0765625 0.1015625
15 0.95703125 0.33046875 0.0765625 0.1171875
15 0.41796875 0.40625 0.2078125 0.1953125
15 0.58828125 0.440625 0.19375 0.2203125
15 0.74375 0.45703125 0.1640625 0.1328125
15 0.73359375 0.5875 0.259375 0.1828125
15 0.58515625 0.68125 0.1640625 0.1453125
15 0.68125 0.66328125 0.109375 0.128125
15 0.3390625 0.6125 0.1609375 0.146875
15 0.23984375 0.55546875 0.1296875 0.0859375
15 0.353125 0.47890625 0.259375 0.1921875