15 0.50546875 0.61328125 0.2796875 0.21875
15 0.4140625 0.35 0.1375 0.146875
15 0.125 0.409375 0.0828125 0.115625
15 0.03671875 0.4421875 0.0734375 0.1
15 0.0359375 0.3546875 0.071875 0.115625
15 0.57734375 0.4015625 0.2046875 0.1921875
15 0.40859375 0.4453125 0.1890625 0.2171875
15 0.25390625 0.46953125 0.1609375 0.1296875
15 0.27109375 0.59921875 0.25625 0.178125
15 0.42421875 0.6859375 0.1625 0.1421875
15 0.32734375 0.67265625 0.1078125 0.1265625
15 0.66640625 0.60390625 0.159375 0.14375
15 0.7625 0.54140625 0.128125 0.084375
15 0.6453125 0.47109375 0.25625 0.1875