26 0.71796875 0.34453125 0.1875 0.175
26 0.734375 0.50390625 0.2078125 0.35
26 0.74140625 0.6453125 0.196875 0.2328125
26 0.60625 0.28671875 0.15 0.078125
26 0.49453125 0.278125 0.1328125 0.0796875
26 0.3890625 0.26171875 0.1 0.065625
26 0.228125 0.31328125 0.2 0.178125
26 0.42578125 0.34140625 0.4609375 0.1796875
26 0.54609375 0.5546875 0.3578125 0.3765625
26 0.34765625 0.4453125 0.41875 0.190625
26 0.31953125 0.56484375 0.403125 0.1796875
26 0.4609375 0.60390625 0.375 0.178125
26 0.49609375 0.7015625 0.275 0.1265625
26 0.23671875 0.6765625 0.2578125 0.128125