26 0.27421875 0.64453125 0.1953125 0.184375
26 0.26640625 0.48359375 0.2234375 0.35625
26 0.26640625 0.3421875 0.2078125 0.2421875
26 0.3828125 0.7078125 0.1515625 0.084375
26 0.49375 0.721875 0.134375 0.0859375
26 0.5984375 0.74375 0.103125 0.0703125
26 0.76171875 0.70078125 0.20625 0.1875
26 0.565625 0.6625 0.465625 0.203125
26 0.45703125 0.44296875 0.375 0.3921875
26 0.64921875 0.5625 0.4234375 0.2109375
26 0.68359375 0.44453125 0.4078125 0.1984375
26 0.54453125 0.3984375 0.3796875 0.196875
26 0.51484375 0.29921875 0.278125 0.140625
26 0.771875 0.33671875 0.2625 0.140625