26 0.29609375 0.32578125 0.17421875 0.1609375
26 0.26640625 0.48359375 0.17890625 0.33515625
26 0.246875 0.6234375 0.17890625 0.21875
26 0.4125 0.278125 0.14453125 0.065625
26 0.525 0.2796875 0.1265625 0.06875
26 0.63125 0.27265625 0.0953125 0.0578125
26 0.7875 0.3375 0.1859375 0.1625
26 0.5875 0.3484375 0.45078125 0.14140625
26 0.44921875 0.55078125 0.32890625 0.35
26 0.65625 0.45859375 0.40625 0.15625
26 0.67421875 0.58046875 0.39140625 0.14609375
26 0.5296875 0.60703125 0.36328125 0.14765625
26 0.48671875 0.70078125 0.26640625 0.10390625
26 0.746875 0.69921875 0.25 0.10703125