26 0.73359375 0.63203125 0.2015625 0.190625
26 0.7328125 0.471875 0.2390625 0.3625
26 0.725 0.33046875 0.2171875 0.2484375
26 0.628125 0.70078125 0.1546875 0.0921875
26 0.5171875 0.72109375 0.1375 0.0921875
26 0.41484375 0.7484375 0.1046875 0.075
26 0.2484375 0.7140625 0.2140625 0.1953125
26 0.44296875 0.665625 0.46875 0.225
26 0.53984375 0.440625 0.3890625 0.40625
26 0.3546875 0.5703125 0.428125 0.23125
26 0.31328125 0.45390625 0.4125 0.21875
26 0.45078125 0.40078125 0.384375 0.2140625
26 0.475 0.3 0.28125 0.153125
26 0.21953125 0.3515625 0.265625 0.153125