26 0.2765625 0.3515625 0.1921875 0.18125
26 0.26640625 0.5125 0.21875 0.3546875
26 0.2640625 0.653125 0.2046875 0.2390625
26 0.3859375 0.290625 0.1515625 0.0828125
26 0.49765625 0.278125 0.134375 0.084375
26 0.60234375 0.25859375 0.1015625 0.06875
26 0.765625 0.30390625 0.2046875 0.184375
26 0.56875 0.3390625 0.4640625 0.1953125
26 0.45546875 0.55625 0.36875 0.3875
26 0.65 0.43984375 0.421875 0.2046875
26 0.6828125 0.55859375 0.40625 0.1921875
26 0.5421875 0.60234375 0.378125 0.190625
26 0.5109375 0.70078125 0.2765625 0.1359375
26 0.76953125 0.66796875 0.2609375 0.1359375