26 0.29921875 0.321875 0.1765625 0.1640625
26 0.26640625 0.4796875 0.184375 0.3375
26 0.24453125 0.61875 0.1828125 0.221875
26 0.41640625 0.2765625 0.1453125 0.06875
26 0.52890625 0.28046875 0.128125 0.0703125
26 0.63515625 0.275 0.096875 0.059375
26 0.790625 0.3421875 0.1890625 0.165625
26 0.58984375 0.35 0.453125 0.15
26 0.4484375 0.55 0.334375 0.35625
26 0.65703125 0.4609375 0.409375 0.1640625
26 0.67265625 0.58359375 0.39375 0.153125
26 0.528125 0.6078125 0.365625 0.1546875
26 0.48359375 0.70078125 0.26875 0.1078125
26 0.74375 0.703125 0.2515625 0.1109375