23 0.73671875 0.15625 0.2296875 0.253125
23 0.77578125 0.328125 0.1625 0.240625
23 0.4953125 0.14921875 0.2203125 0.275
23 0.4515625 0.421875 0.2484375 0.3265625
23 0.3234375 0.31953125 0.2453125 0.221875
23 0.2640625 0.53828125 0.2140625 0.2125
23 0.46015625 0.5796875 0.1875 0.2234375
23 0.69921875 0.53125 0.2171875 0.1890625
23 0.596875 0.40625 0.1640625 0.2359375
23 0.67421875 0.6953125 0.171875 0.2078125
23 0.5625 0.72421875 0.1640625 0.196875
23 0.60625 0.83828125 0.1546875 0.175
23 0.4078125 0.715625 0.3109375 0.2125
23 0.21875 0.74453125 0.15 0.278125
23 0.30234375 0.8796875 0.328125 0.234375
23 0.50625 0.8984375 0.175 0.203125