23 0.66015625 0.87421875 0.2515625 0.2515625
23 0.734375 0.725 0.184375 0.2546875
23 0.42265625 0.8421875 0.2453125 0.29375
23 0.43671875 0.56640625 0.278125 0.3484375
23 0.28984375 0.63984375 0.265625 0.24375
23 0.27734375 0.41328125 0.2328125 0.23125
23 0.47734375 0.41328125 0.2078125 0.2390625
23 0.7015625 0.5109375 0.234375 0.209375
23 0.57578125 0.61171875 0.1859375 0.25
23 0.7109375 0.3453125 0.190625 0.221875
23 0.6078125 0.29375 0.1828125 0.2109375
23 0.67421875 0.19140625 0.1703125 0.1890625
23 0.4546875 0.26953125 0.328125 0.2421875
23 0.27578125 0.20234375 0.178125 0.2890625
23 0.3859375 0.11015625 0.346875 0.2203125
23 0.590625 0.109375 0.19375 0.21875