23 0.73125 0.15234375 0.225 0.2484375
23 0.77265625 0.3234375 0.1578125 0.2390625
23 0.48984375 0.14921875 0.215625 0.271875
23 0.45 0.42265625 0.2421875 0.3234375
23 0.3203125 0.32265625 0.2421875 0.21875
23 0.26484375 0.54296875 0.2109375 0.209375
23 0.4609375 0.58046875 0.1828125 0.2203125
23 0.7 0.528125 0.2140625 0.1859375
23 0.5953125 0.4046875 0.159375 0.234375
23 0.678125 0.6921875 0.1671875 0.2046875
23 0.56640625 0.72265625 0.1609375 0.19375
23 0.61171875 0.8359375 0.1515625 0.1734375
23 0.41171875 0.7171875 0.3078125 0.2078125
23 0.2234375 0.74921875 0.146875 0.275
23 0.309375 0.88359375 0.325 0.2296875
23 0.5140625 0.89921875 0.171875 0.2015625