29 0.7875 0.784375 0.159375 0.225
29 0.7515625 0.603125 0.14375 0.1890625
29 0.72265625 0.42421875 0.1421875 0.2453125
29 0.6421875 0.20390625 0.2015625 0.2421875
29 0.534375 0.1 0.2 0.2
29 0.646875 0.353125 0.1703125 0.1953125
29 0.546875 0.253125 0.190625 0.221875
29 0.65390625 0.52265625 0.21875 0.240625
29 0.67265625 0.70546875 0.1828125 0.2109375
29 0.67109375 0.87734375 0.2625 0.234375
29 0.44453125 0.89453125 0.2671875 0.2109375
29 0.52734375 0.7921875 0.2296875 0.2390625
29 0.5515625 0.63984375 0.1921875 0.1984375
29 0.5265625 0.48046875 0.1671875 0.190625
29 0.4546875 0.31640625 0.1859375 0.2140625
29 0.41796875 0.12890625 0.19375 0.2359375
29 0.27734375 0.11875 0.221875 0.1953125
29 0.31015625 0.31640625 0.246875 0.3109375
29 0.3796875 0.6640625 0.2765625 0.3171875
29 0.3234375 0.484375 0.184375 0.19375
29 0.31328125 0.7734375 0.1234375 0.2390625
29 0.259375 0.54921875 0.1109375 0.225
29 0.18828125 0.2046875 0.1140625 0.21875