23 0.6390625 0.1234375 0.2625 0.246875
23 0.721875 0.2625 0.1953125 0.259375
23 0.4046875 0.1625 0.2578125 0.3015625
23 0.4328125 0.43671875 0.2921875 0.35625
23 0.2828125 0.37109375 0.2734375 0.2546875
23 0.28203125 0.5984375 0.2421875 0.240625
23 0.48203125 0.5875 0.2171875 0.2453125
23 0.70078125 0.47890625 0.240625 0.21875
23 0.56953125 0.384375 0.1953125 0.2546875
23 0.71875 0.64375 0.1984375 0.228125
23 0.61875 0.7 0.190625 0.2171875
23 0.68984375 0.79921875 0.178125 0.1953125
23 0.4671875 0.73203125 0.3359375 0.25625
23 0.29140625 0.80859375 0.190625 0.29375
23 0.4078125 0.8890625 0.35625 0.221875
23 0.6109375 0.88515625 0.2015625 0.228125