29 0.66640625 0.86796875 0.15 0.2203125
29 0.6984375 0.68671875 0.1375 0.184375
29 0.73515625 0.50859375 0.13125 0.2421875
29 0.7390625 0.27421875 0.1921875 0.2359375
29 0.68125 0.12578125 0.1921875 0.221875
29 0.68984375 0.415625 0.1625 0.1890625
29 0.63203125 0.2859375 0.18125 0.215625
29 0.6359375 0.57578125 0.209375 0.234375
29 0.58828125 0.75390625 0.175 0.2046875
29 0.52421875 0.90078125 0.2546875 0.1984375
29 0.3 0.86796875 0.259375 0.2421875
29 0.4203125 0.7828125 0.221875 0.23125
29 0.49765625 0.64921875 0.1859375 0.190625
29 0.53125 0.49140625 0.159375 0.1859375
29 0.5234375 0.3125 0.178125 0.209375
29 0.55625 0.12421875 0.184375 0.2296875
29 0.428125 0.078125 0.215625 0.15625
29 0.38828125 0.2609375 0.234375 0.303125
29 0.32890625 0.61015625 0.2640625 0.3078125
29 0.340625 0.421875 0.1765625 0.1875
29 0.22734375 0.68828125 0.1125 0.2359375
29 0.2578125 0.46015625 0.1 0.2234375
29 0.31484375 0.1125 0.1046875 0.2171875