10 0.59453125 0.4421875 0.2953125 0.3609375
10 0.3625 0.8171875 0.3640625 0.30625
10 0.64921875 0.8234375 0.2140625 0.234375
10 0.73203125 0.621875 0.11875 0.234375
10 0.3984375 0.25078125 0.2265625 0.228125
10 0.3328125 0.6015625 0.15 0.1921875
8 0.41328125 0.51640625 0.140625 0.315625
8 0.3296875 0.88671875 0.071875 0.2046875
8 0.24765625 0.94609375 0.134375 0.05625
26 0.5234375 0.86875 0.190625 0.2203125
26 0.59453125 0.253125 0.1765625 0.090625
26 0.26328125 0.4703125 0.103125 0.2
26 0.63046875 0.68046875 0.0703125 0.0609375