10 0.58359375 0.4265625 0.30625 0.36875
10 0.41953125 0.8359375 0.3734375 0.3171875
10 0.703125 0.79296875 0.221875 0.240625
10 0.74921875 0.5796875 0.1265625 0.2375
10 0.35703125 0.27265625 0.234375 0.234375
10 0.353125 0.6296875 0.15625 0.196875
8 0.41796875 0.53125 0.15 0.31875
8 0.3984375 0.903125 0.078125 0.19375
8 0.32890625 0.97578125 0.1359375 0.0484375
26 0.5875 0.859375 0.196875 0.2265625
26 0.55078125 0.23984375 0.178125 0.096875
26 0.26171875 0.51171875 0.109375 0.2015625
26 0.66015625 0.65546875 0.0734375 0.0625