24 0.2859375 0.19921875 0.2515625 0.2453125
24 0.36796875 0.97578125 0.1234375 0.0484375
24 0.4375 0.88984375 0.0734375 0.0828125
24 0.396875 0.8140625 0.0703125 0.0734375
24 0.18359375 0.29921875 0.078125 0.071875
24 0.140625 0.21484375 0.0703125 0.0734375
24 0.203125 0.090625 0.1015625 0.0796875
24 0.32265625 0.3796875 0.09375 0.1203125
24 0.415625 0.53515625 0.2515625 0.28125
24 0.51171875 0.690625 0.2609375 0.271875
24 0.53984375 0.50390625 0.35625 0.703125
24 0.62734375 0.2328125 0.2515625 0.465625