10 0.37890625 0.39140625 0.246875 0.275
10 0.40390625 0.64453125 0.275 0.228125
10 0.58671875 0.621875 0.2203125 0.3109375
10 0.69140625 0.4359375 0.1953125 0.271875
10 0.6640625 0.121875 0.271875 0.2421875
10 0.57578125 0.25703125 0.2296875 0.2125
10 0.4171875 0.13828125 0.2484375 0.2640625
10 0.28984375 0.25078125 0.1265625 0.2125
10 0.2765625 0.4953125 0.11875 0.25
10 0.28359375 0.721875 0.1484375 0.2328125
10 0.28828125 0.89453125 0.16875 0.2015625
10 0.56171875 0.85234375 0.215625 0.2171875
10 0.703125 0.7765625 0.1328125 0.2203125
10 0.678125 0.91484375 0.18125 0.1703125
10 0.61328125 0.94296875 0.2203125 0.1140625
10 0.4140625 0.934375 0.128125 0.128125