10 0.38828125 0.38125 0.26875 0.29375
10 0.3921875 0.63515625 0.2921875 0.25
10 0.57578125 0.62890625 0.2453125 0.3265625
10 0.69609375 0.45234375 0.2171875 0.2859375
10 0.69453125 0.13828125 0.290625 0.2640625
10 0.596875 0.26484375 0.2453125 0.23125
10 0.4484375 0.13671875 0.26875 0.2734375
10 0.3125 0.23359375 0.14375 0.221875
10 0.278125 0.47578125 0.1390625 0.2578125
10 0.26484375 0.7015625 0.1671875 0.2421875
10 0.2546875 0.87421875 0.1859375 0.2140625
10 0.53125 0.85625 0.2328125 0.234375
10 0.678125 0.79375 0.15 0.2296875
10 0.64140625 0.91796875 0.1953125 0.1640625
10 0.57421875 0.9421875 0.2296875 0.115625
10 0.37578125 0.92578125 0.1375 0.1375