10 0.625 0.39609375 0.23828125 0.26640625
10 0.590625 0.64765625 0.26796875 0.21875
10 0.409375 0.61875 0.21015625 0.30390625
10 0.3109375 0.42890625 0.1859375 0.26484375
10 0.34921875 0.11640625 0.2640625 0.2328125
10 0.4328125 0.2546875 0.221875 0.20546875
10 0.5953125 0.14140625 0.23984375 0.25625
10 0.71875 0.25859375 0.11875 0.20859375
10 0.7234375 0.503125 0.11015625 0.246875
10 0.70859375 0.72890625 0.13984375 0.22734375
10 0.69765625 0.9015625 0.1625 0.19609375
10 0.42578125 0.85 0.20859375 0.21015625
10 0.2875 0.76953125 0.125 0.215625
10 0.30625 0.9125 0.17578125 0.17265625
10 0.3703125 0.9421875 0.2171875 0.11328125
10 0.57109375 0.9375 0.1234375 0.1234375