24 0.54765625 0.13359375 0.2515625 0.2453125
24 0.853125 0.884375 0.1234375 0.10625
24 0.73828125 0.81484375 0.0734375 0.0828125
24 0.73828125 0.72890625 0.0703125 0.0734375
24 0.68515625 0.17421875 0.078125 0.071875
24 0.68359375 0.0796875 0.0703125 0.0734375
24 0.56953125 0.01953125 0.1015625 0.0390625
24 0.6 0.3109375 0.09375 0.1203125
24 0.59140625 0.490625 0.2515625 0.28125
24 0.57890625 0.6734375 0.2609375 0.271875
24 0.4671875 0.521875 0.35625 0.703125
24 0.25078125 0.303125 0.2515625 0.5140625