10 0.3828125 0.6125 0.25625 0.2828125
10 0.39921875 0.359375 0.2828125 0.2375
10 0.58203125 0.375 0.23125 0.3171875
10 0.69375 0.5578125 0.2046875 0.2765625
10 0.67578125 0.87109375 0.2796875 0.2515625
10 0.584375 0.73984375 0.2359375 0.2203125
10 0.4296875 0.8640625 0.2578125 0.271875
10 0.2984375 0.75625 0.1328125 0.215625
10 0.2765625 0.5125 0.1265625 0.2546875
10 0.27578125 0.2859375 0.1546875 0.2359375
10 0.275 0.11328125 0.1765625 0.20625
10 0.55 0.1453125 0.2234375 0.2234375
10 0.69296875 0.21640625 0.1390625 0.2234375
10 0.6640625 0.08359375 0.1875 0.1671875
10 0.5984375 0.05703125 0.225 0.1140625
10 0.3984375 0.06875 0.13125 0.13125