20 0.12578125 0.4234375 0.2515625 0.2625
20 0.20546875 0.246875 0.16875 0.2375
20 0.1328125 0.74609375 0.203125 0.3125
20 0.30546875 0.58203125 0.1921875 0.265625
20 0.3703125 0.709375 0.1578125 0.2203125
20 0.51640625 0.6140625 0.1703125 0.2453125
20 0.584375 0.8734375 0.2359375 0.215625
20 0.75859375 0.7890625 0.2328125 0.2515625
20 0.909375 0.51875 0.18125 0.25
20 0.75859375 0.553125 0.2421875 0.1859375
20 0.8125 0.34453125 0.203125 0.225
20 0.684375 0.17265625 0.1984375 0.2234375
20 0.45546875 0.171875 0.234375 0.1828125
20 0.44140625 0.3359375 0.2203125 0.1765625