20 0.596875 0.86875 0.271875 0.2625
20 0.76796875 0.78046875 0.2421875 0.1796875
20 0.2734375 0.8796875 0.31875 0.2171875
20 0.428125 0.6984375 0.2703125 0.203125
20 0.29765625 0.640625 0.225 0.1671875
20 0.38515625 0.4890625 0.2515625 0.18125
20 0.12265625 0.4359375 0.2234375 0.24375
20 0.19765625 0.25703125 0.2609375 0.2421875
20 0.4578125 0.09296875 0.25625 0.1859375
20 0.43359375 0.24453125 0.1953125 0.246875
20 0.6390625 0.1796875 0.2328125 0.2125
20 0.8171875 0.2984375 0.2296875 0.2078125
20 0.8296875 0.52734375 0.1921875 0.240625
20 0.6671875 0.55 0.1859375 0.225