24 0.63515625 0.15625 0.20859375 0.20078125
24 0.74921875 0.95859375 0.10703125 0.08203125
24 0.6546875 0.86328125 0.0578125 0.07109375
24 0.67578125 0.7796875 0.0578125 0.0609375
24 0.75859375 0.22890625 0.065625 0.0578125
24 0.7796875 0.13671875 0.0578125 0.0609375
24 0.6890625 0.03125 0.090625 0.059375
24 0.64296875 0.340625 0.07109375 0.10546875
24 0.590625 0.51328125 0.19921875 0.23984375
24 0.534375 0.6875 0.2125 0.22734375
24 0.4625 0.51328125 0.19921875 0.67578125
24 0.30625 0.2484375 0.13515625 0.4953125