20 0.421875 0.8734375 0.2625 0.253125
20 0.246875 0.79453125 0.2375 0.16875
20 0.74609375 0.8671875 0.3125 0.203125
20 0.58203125 0.69453125 0.265625 0.1921875
20 0.709375 0.6296875 0.2203125 0.1578125
20 0.6140625 0.48359375 0.2453125 0.1703125
20 0.8734375 0.415625 0.215625 0.2359375
20 0.7890625 0.24140625 0.2515625 0.2328125
20 0.51875 0.08984375 0.25 0.1796875
20 0.553125 0.24140625 0.1859375 0.2421875
20 0.34453125 0.1875 0.225 0.203125
20 0.17265625 0.315625 0.2234375 0.1984375
20 0.171875 0.54453125 0.1828125 0.234375
20 0.3359375 0.55859375 0.1765625 0.2203125