10 0.35859375 0.58046875 0.28125 0.303125
10 0.43671875 0.3390625 0.3015625 0.2625
10 0.61015625 0.3984375 0.259375 0.3359375
10 0.67421875 0.603125 0.2296875 0.29375
10 0.58125 0.8828125 0.3 0.234375
10 0.5234375 0.753125 0.2546875 0.240625
10 0.34375 0.83671875 0.28125 0.29375
10 0.24296875 0.7 0.153125 0.2265625
10 0.28046875 0.4578125 0.1515625 0.2625
10 0.334375 0.23828125 0.1765625 0.2484375
10 0.375 0.090625 0.19375 0.18125
10 0.63359375 0.16796875 0.2421875 0.24375
10 0.75625 0.27109375 0.1609375 0.234375
10 0.7625 0.12734375 0.203125 0.2
10 0.7046875 0.08671875 0.2328125 0.15
10 0.50625 0.0640625 0.14375 0.128125