20 0.8765625 0.5625 0.246875 0.25625
20 0.803125 0.74296875 0.1625 0.234375
20 0.85859375 0.240625 0.19375 0.309375
20 0.69140625 0.4109375 0.184375 0.2609375
20 0.62265625 0.2859375 0.1515625 0.2171875
20 0.4796875 0.38671875 0.1640625 0.2421875
20 0.403125 0.1296875 0.23125 0.209375
20 0.23125 0.21953125 0.2265625 0.246875
20 0.08828125 0.49453125 0.1765625 0.2453125
20 0.23984375 0.45625 0.2375 0.178125
20 0.19296875 0.66640625 0.196875 0.2203125
20 0.3265625 0.83359375 0.1921875 0.21875
20 0.55625 0.8265625 0.23125 0.1765625
20 0.5640625 0.6625 0.215625 0.1703125