7 0.25703125 0.1328125 0.1546875 0.196875
7 0.2546875 0.3078125 0.16875 0.1921875
7 0.23828125 0.49609375 0.153125 0.1609375
7 0.21171875 0.8484375 0.1375 0.16875
7 0.4 0.809375 0.2609375 0.253125
7 0.45703125 0.62578125 0.1796875 0.16875
7 0.25546875 0.65 0.2078125 0.2265625
7 0.48046875 0.35859375 0.2328125 0.221875
7 0.39140625 0.11875 0.140625 0.1546875
7 0.38046875 0.22421875 0.1578125 0.1265625
7 0.51875 0.1484375 0.1984375 0.24375
7 0.68984375 0.14296875 0.1953125 0.209375
7 0.803125 0.09140625 0.1 0.103125
7 0.80859375 0.1734375 0.0859375 0.1515625
7 0.77578125 0.2328125 0.075 0.0703125
7 0.79609375 0.28984375 0.09375 0.11875
7 0.6296875 0.2875 0.1546875 0.146875
7 0.728125 0.26171875 0.0828125 0.0875
7 0.72734375 0.346875 0.109375 0.1125
7 0.65234375 0.4140625 0.1484375 0.1484375
7 0.78515625 0.42734375 0.1078125 0.215625
7 0.69765625 0.528125 0.159375 0.146875
7 0.74375 0.75 0.1421875 0.1453125
7 0.74921875 0.89296875 0.128125 0.14375
7 0.625 0.88359375 0.16875 0.1609375
7 0.59140625 0.734375 0.165625 0.1875
7 0.4765625 0.50859375 0.340625 0.146875
7 0.68125 0.63125 0.2921875 0.13125