7 0.196875 0.18046875 0.1671875 0.2046875
7 0.22578125 0.353125 0.18125 0.203125
7 0.24140625 0.5421875 0.1625 0.1703125
7 0.2765625 0.89375 0.1484375 0.1765625
7 0.45546875 0.821875 0.2765625 0.26875
7 0.4796875 0.63125 0.1890625 0.1796875
7 0.28515625 0.68984375 0.221875 0.2390625
7 0.45625 0.3640625 0.2453125 0.2359375
7 0.32734375 0.14375 0.15 0.1625
7 0.334375 0.2484375 0.165625 0.1359375
7 0.45703125 0.15 0.2125 0.2546875
7 0.625 0.115625 0.2078125 0.221875
7 0.7265625 0.04921875 0.10625 0.0984375
7 0.74765625 0.125 0.096875 0.15625
7 0.72578125 0.1890625 0.078125 0.075
7 0.7546875 0.2421875 0.1015625 0.125
7 0.59140625 0.26875 0.1640625 0.15625
7 0.68359375 0.22578125 0.0890625 0.0921875
7 0.696875 0.309375 0.115625 0.11875
7 0.63515625 0.3890625 0.1578125 0.1578125
7 0.76875 0.37890625 0.121875 0.2203125
7 0.7 0.49375 0.1671875 0.1578125
7 0.7828125 0.70390625 0.1515625 0.153125
7 0.8140625 0.84375 0.1359375 0.1515625
7 0.6890625 0.85625 0.178125 0.171875
7 0.63125 0.71484375 0.1765625 0.196875
7 0.47890625 0.5125 0.346875 0.16875
7 0.70078125 0.5984375 0.2984375 0.15