7 0.75546875 0.14140625 0.1484375 0.1921875
7 0.7515625 0.31640625 0.1625 0.1875
7 0.76171875 0.50546875 0.146875 0.15625
7 0.77578125 0.85859375 0.1328125 0.1640625
7 0.5890625 0.8125 0.253125 0.24375
7 0.53828125 0.62734375 0.1734375 0.1625
7 0.73984375 0.65859375 0.2 0.2203125
7 0.52421875 0.359375 0.225 0.2140625
7 0.621875 0.12265625 0.1359375 0.15
7 0.62890625 0.228125 0.153125 0.121875
7 0.49375 0.14765625 0.190625 0.2375
7 0.32265625 0.13671875 0.1875 0.2046875
7 0.21171875 0.08046875 0.096875 0.1
7 0.20234375 0.16328125 0.08125 0.1484375
7 0.23359375 0.2234375 0.071875 0.06875
7 0.21171875 0.2796875 0.0890625 0.115625
7 0.37734375 0.28359375 0.15 0.1421875
7 0.2796875 0.25390625 0.0796875 0.084375
7 0.278125 0.3390625 0.10625 0.109375
7 0.35078125 0.40859375 0.14375 0.14375
7 0.2171875 0.4171875 0.1 0.2125
7 0.30078125 0.52109375 0.1546875 0.1421875
7 0.24765625 0.74140625 0.1375 0.140625
7 0.2375 0.884375 0.1234375 0.140625
7 0.36171875 0.87890625 0.1640625 0.15625
7 0.4 0.73046875 0.159375 0.18125
7 0.52265625 0.509375 0.3359375 0.1359375
7 0.31484375 0.625 0.2875 0.121875