7 0.76171875 0.85390625 0.14453125 0.1890625
7 0.7546875 0.67890625 0.159375 0.184375
7 0.76171875 0.48984375 0.14453125 0.153125
7 0.76953125 0.13671875 0.1296875 0.1625
7 0.58359375 0.1859375 0.2484375 0.23984375
7 0.5359375 0.371875 0.17109375 0.159375
7 0.73671875 0.3375 0.19609375 0.2171875
7 0.5265625 0.63984375 0.221875 0.21015625
7 0.628125 0.875 0.13359375 0.14765625
7 0.63359375 0.76953125 0.1515625 0.11875
7 0.5 0.85234375 0.1859375 0.23359375
7 0.32890625 0.86640625 0.184375 0.20078125
7 0.21875 0.92421875 0.0953125 0.0984375
7 0.20859375 0.8421875 0.07890625 0.14765625
7 0.23828125 0.78125 0.07109375 0.0671875
7 0.215625 0.725 0.0875 0.11484375
7 0.38125 0.71875 0.14765625 0.13984375
7 0.284375 0.75 0.07890625 0.08359375
7 0.28125 0.66484375 0.10390625 0.10703125
7 0.35234375 0.59375 0.14140625 0.14140625
7 0.21875 0.5875 0.096875 0.21015625
7 0.30078125 0.48203125 0.1515625 0.13984375
7 0.24375 0.26328125 0.13515625 0.13828125
7 0.23046875 0.1203125 0.1203125 0.13828125
7 0.35546875 0.1234375 0.1609375 0.153125
7 0.39609375 0.27109375 0.15625 0.17890625
7 0.52265625 0.48984375 0.33359375 0.1296875
7 0.3125 0.378125 0.2859375 0.11640625