23 0.6859375 0.7984375 0.1828125 0.290625
23 0.6890625 0.584375 0.1859375 0.1890625
23 0.609375 0.65390625 0.1265625 0.11875
23 0.59140625 0.74140625 0.10625 0.10625
23 0.5265625 0.759375 0.1375 0.1265625
23 0.54609375 0.89140625 0.1859375 0.1578125
23 0.54609375 0.55078125 0.134375 0.1609375
23 0.52265625 0.66171875 0.10625 0.1140625
23 0.43359375 0.52734375 0.228125 0.1890625
23 0.425 0.67890625 0.13125 0.2234375
23 0.38828125 0.84296875 0.153125 0.1828125
23 0.31484375 0.67109375 0.121875 0.2203125