23 0.2515625 0.7484375 0.2234375 0.3125
23 0.296875 0.5390625 0.2109375 0.2140625
23 0.35859375 0.625 0.1421875 0.1359375
23 0.35625 0.71484375 0.1203125 0.1203125
23 0.415625 0.746875 0.1546875 0.1453125
23 0.3671875 0.87109375 0.20625 0.1828125
23 0.44375 0.5390625 0.1578125 0.178125
23 0.44140625 0.65234375 0.121875 0.128125
23 0.55859375 0.54140625 0.253125 0.2203125
23 0.5328125 0.69140625 0.1625 0.2390625
23 0.53203125 0.859375 0.178125 0.2015625
23 0.64140625 0.70859375 0.1546875 0.234375