23 0.61953125 0.16953125 0.2359375 0.3171875
23 0.66796875 0.378125 0.2171875 0.2203125
23 0.575 0.3265625 0.1453125 0.140625
23 0.5390625 0.24453125 0.1234375 0.1234375
23 0.47265625 0.240625 0.159375 0.15
23 0.46328125 0.10703125 0.2125 0.190625
23 0.534375 0.440625 0.1640625 0.1828125
23 0.48828125 0.33671875 0.1265625 0.13125
23 0.42890625 0.48671875 0.259375 0.2296875
23 0.3890625 0.340625 0.1734375 0.2421875
23 0.31875 0.1875 0.1859375 0.2078125
23 0.28359375 0.37109375 0.1640625 0.2390625