4 0.7375 0.2578125 0.5 0.4046875
4 0.22265625 0.30859375 0.4453125 0.3390625
4 0.45234375 0.45625 0.453125 0.4
4 0.665625 0.71484375 0.3671875 0.3171875
4 0.81171875 0.4984375 0.3765625 0.28125
4 0.88984375 0.73671875 0.2203125 0.1859375
4 0.88828125 0.57421875 0.2234375 0.1921875
4 0.20625 0.84453125 0.3328125 0.2046875
4 0.3609375 0.65 0.4140625 0.3421875
4 0.10859375 0.72890625 0.1921875 0.2734375
4 0.1234375 0.6125 0.24375 0.2015625
4 0.06171875 0.45859375 0.1234375 0.2453125
4 0.19921875 0.47421875 0.2078125 0.2140625
4 0.41171875 0.83671875 0.2140625 0.140625
4 0.671875 0.72265625 0.3234375 0.296875