4 0.2265625 0.30234375 0.453125 0.3453125
4 0.765625 0.259375 0.4640625 0.2796875
4 0.5390625 0.4484375 0.4109375 0.346875
4 0.37421875 0.740625 0.3328125 0.275
4 0.18515625 0.5546875 0.3640625 0.234375
4 0.15 0.80234375 0.2171875 0.1578125
4 0.12421875 0.64140625 0.215625 0.1640625
4 0.8453125 0.7875 0.309375 0.1625
4 0.66328125 0.6234375 0.378125 0.29375
4 0.92265625 0.65703125 0.1546875 0.2546875
4 0.8890625 0.54453125 0.221875 0.1734375
4 0.93828125 0.38125 0.1234375 0.23125
4 0.79140625 0.421875 0.184375 0.190625
4 0.6453125 0.81640625 0.2015625 0.1140625
4 0.36953125 0.74921875 0.2921875 0.259375