4 0.7625 0.284375 0.4375 0.5203125
4 0.6640625 0.78125 0.375 0.4375
4 0.53984375 0.55078125 0.428125 0.475
4 0.3 0.31640625 0.340625 0.384375
4 0.52890625 0.1921875 0.3078125 0.384375
4 0.29765625 0.103125 0.2015625 0.20625
4 0.46015625 0.11171875 0.2078125 0.2234375
4 0.13125 0.7625 0.228125 0.340625
4 0.33828125 0.62578125 0.36875 0.43125
4 0.2375 0.8703125 0.28125 0.2109375
4 0.3546875 0.865625 0.2171875 0.2546875
4 0.50078125 0.934375 0.2515625 0.13125
4 0.5 0.8015625 0.225 0.221875
4 0.15703125 0.55859375 0.1546875 0.2203125
4 0.29296875 0.309375 0.3171875 0.340625