4 0.29765625 0.22734375 0.3375 0.45234375
4 0.2640625 0.76953125 0.27109375 0.46015625
4 0.44921875 0.53984375 0.340625 0.4046875
4 0.73828125 0.3703125 0.26953125 0.32890625
4 0.54921875 0.184375 0.22734375 0.36015625
4 0.79609375 0.14453125 0.1546875 0.2140625
4 0.63515625 0.121875 0.1609375 0.2125
4 0.79453125 0.84375 0.1578125 0.3125
4 0.6265625 0.6609375 0.2875 0.3734375
4 0.66484375 0.92265625 0.2515625 0.1546875
4 0.55234375 0.88984375 0.16953125 0.2203125
4 0.3890625 0.940625 0.22890625 0.11875
4 0.42734375 0.79296875 0.1875 0.18125
4 0.81875 0.63984375 0.11015625 0.19921875
4 0.746875 0.36484375 0.2546875 0.2875