4 0.2234375 0.6296875 0.446875 0.4375
4 0.7046875 0.79375 0.5125 0.375
4 0.5265625 0.55859375 0.475 0.428125
4 0.43203125 0.2375 0.384375 0.340625
4 0.20546875 0.37578125 0.4046875 0.3078125
4 0.2265625 0.1265625 0.2453125 0.2015625
4 0.165625 0.27734375 0.2453125 0.2078125
4 0.8671875 0.296875 0.265625 0.228125
4 0.68671875 0.41640625 0.43125 0.36875
4 0.921875 0.4421875 0.15625 0.28125
4 0.88125 0.54296875 0.2375 0.2171875
4 0.90078125 0.7140625 0.1703125 0.2515625
4 0.76640625 0.64140625 0.221875 0.225
4 0.7125 0.22421875 0.2203125 0.1546875
4 0.42890625 0.228125 0.340625 0.3171875