4 0.7296875 0.25 0.3828125 0.484375
4 0.70546875 0.775 0.3171875 0.45
4 0.54609375 0.5453125 0.38125 0.4375
4 0.2765625 0.34609375 0.303125 0.3546875
4 0.48359375 0.1859375 0.2640625 0.371875
4 0.24296875 0.115625 0.1765625 0.2296875
4 0.40546875 0.11171875 0.1828125 0.2234375
4 0.17109375 0.8109375 0.1890625 0.3265625
4 0.35703125 0.646875 0.325 0.4015625
4 0.2921875 0.903125 0.265625 0.1796875
4 0.40703125 0.88125 0.1921875 0.2375
4 0.5640625 0.9390625 0.240625 0.121875
4 0.54140625 0.79921875 0.2046875 0.2
4 0.16875 0.60546875 0.1296875 0.209375
4 0.26875 0.33984375 0.2828125 0.3125