4 0.76171875 0.71640625 0.46875 0.3609375
4 0.22734375 0.72109375 0.4546875 0.2953125
4 0.4578125 0.5484375 0.421875 0.3609375
4 0.6421875 0.26875 0.3421875 0.2859375
4 0.815625 0.46640625 0.36875 0.2453125
4 0.8703125 0.22265625 0.221875 0.165625
4 0.884375 0.38515625 0.2203125 0.171875
4 0.171875 0.1875 0.3203125 0.1734375
4 0.34609375 0.36484375 0.3875 0.30625
4 0.08671875 0.31328125 0.1671875 0.259375
4 0.11328125 0.4265625 0.2265625 0.18125
4 0.059375 0.5875 0.11875 0.234375
4 0.20390625 0.55703125 0.190625 0.196875
4 0.37734375 0.17421875 0.2046875 0.1203125
4 0.64765625 0.26015625 0.3 0.26875