26 0.2765625 0.79765625 0.2296875 0.215625
26 0.39921875 0.88203125 0.15625 0.2328125
26 0.26796875 0.9125 0.13125 0.153125
26 0.4421875 0.73828125 0.13125 0.2
26 0.6171875 0.7421875 0.2671875 0.2875
26 0.64375 0.59375 0.328125 0.1765625
26 0.62109375 0.47578125 0.4328125 0.228125
26 0.70546875 0.2703125 0.29375 0.2546875
26 0.61484375 0.1203125 0.2765625 0.240625
26 0.54453125 0.24375 0.190625 0.3453125
26 0.4203125 0.31953125 0.2625 0.2234375
26 0.3578125 0.5328125 0.16875 0.3375
26 0.23125 0.52890625 0.153125 0.35625
26 0.28203125 0.24765625 0.203125 0.1890625
26 0.26484375 0.18984375 0.159375 0.1921875
26 0.29765625 0.66484375 0.1328125 0.1828125