26 0.70234375 0.1875 0.215625 0.20078125
26 0.57421875 0.11171875 0.14140625 0.2234375
26 0.70234375 0.07265625 0.121875 0.14453125
26 0.54140625 0.25859375 0.11875 0.1921875
26 0.36640625 0.26640625 0.2484375 0.27109375
26 0.35 0.41640625 0.31875 0.1546875
26 0.38125 0.5328125 0.41953125 0.19921875
26 0.3109375 0.74375 0.278125 0.23515625
26 0.4109375 0.88671875 0.26171875 0.225
26 0.4734375 0.75859375 0.16796875 0.33515625
26 0.5921875 0.67421875 0.2484375 0.20703125
26 0.63984375 0.45703125 0.14609375 0.32734375
26 0.76640625 0.45234375 0.1296875 0.3484375
26 0.73515625 0.73671875 0.190625 0.17578125
26 0.75625 0.79296875 0.14765625 0.1828125
26 0.690625 0.32109375 0.1203125 0.17421875