26 0.73359375 0.21015625 0.2359375 0.221875
26 0.6140625 0.121875 0.1640625 0.2375
26 0.74609375 0.09609375 0.1359375 0.15625
26 0.56640625 0.2640625 0.1375 0.203125
26 0.39140625 0.25390625 0.275 0.2953125
26 0.359375 0.4015625 0.3328125 0.1875
26 0.378125 0.5203125 0.4375 0.2421875
26 0.28671875 0.72265625 0.3015625 0.2625
26 0.3703125 0.87421875 0.284375 0.2515625
26 0.446875 0.7546875 0.2015625 0.3515625
26 0.5734375 0.6828125 0.26875 0.23125
26 0.64375 0.471875 0.1796875 0.340625
26 0.7703125 0.48046875 0.165625 0.359375
26 0.709375 0.76015625 0.2078125 0.1953125
26 0.72421875 0.81796875 0.165625 0.196875
26 0.70859375 0.3421875 0.1375 0.1859375