26 0.2515625 0.77734375 0.24375 0.2328125
26 0.365625 0.871875 0.175 0.2421875
26 0.23359375 0.890625 0.14375 0.1625
26 0.42109375 0.73203125 0.146875 0.2078125
26 0.5953125 0.7515625 0.2875 0.30625
26 0.63515625 0.60625 0.3390625 0.203125
26 0.62265625 0.4859375 0.4453125 0.2625
26 0.725 0.2890625 0.3109375 0.275
26 0.6484375 0.13203125 0.29375 0.2625
26 0.56640625 0.2484375 0.21875 0.3578125
26 0.4359375 0.31328125 0.278125 0.24375
26 0.35546875 0.5203125 0.1953125 0.346875
26 0.2296875 0.50546875 0.1828125 0.3640625
26 0.3046875 0.2296875 0.215625 0.203125
26 0.29296875 0.1703125 0.175 0.203125
26 0.28359375 0.646875 0.1453125 0.190625