26 0.38515625 0.14609375 0.2609375 0.25
26 0.528125 0.115625 0.19375 0.23125
26 0.41484375 0.06015625 0.1546875 0.1203125
26 0.52265625 0.25625 0.1640625 0.215625
26 0.68984375 0.30859375 0.309375 0.3265625
26 0.66640625 0.4578125 0.3484375 0.23125
26 0.60625 0.5625 0.45625 0.3015625
26 0.61953125 0.784375 0.3296875 0.2984375
26 0.48515625 0.87734375 0.3109375 0.2453125
26 0.45859375 0.75703125 0.2484375 0.3671875
26 0.365625 0.64453125 0.29375 0.2640625
26 0.37578125 0.42265625 0.2265625 0.3546875
26 0.2546875 0.38515625 0.215625 0.3703125
26 0.21171875 0.66796875 0.2296875 0.21875
26 0.1765625 0.71640625 0.190625 0.2140625
26 0.3625 0.278125 0.1609375 0.2