27 0.059375 0.5671875 0.1078125 0.1609375
27 0.115625 0.65859375 0.109375 0.1703125
27 0.19453125 0.53203125 0.140625 0.1765625
27 0.3734375 0.52109375 0.0953125 0.1
27 0.409375 0.60390625 0.1203125 0.1703125
27 0.45 0.6671875 0.109375 0.1453125
27 0.421875 0.49921875 0.128125 0.175
27 0.4484375 0.42265625 0.109375 0.1484375
27 0.50078125 0.521875 0.10625 0.1296875
27 0.5 0.396875 0.0828125 0.1265625
27 0.64453125 0.50234375 0.1109375 0.1375
27 0.734375 0.44765625 0.1015625 0.184375
27 0.7921875 0.48828125 0.1203125 0.1921875
27 0.840625 0.49296875 0.103125 0.14375
27 0.89375 0.40546875 0.1375 0.178125
27 0.93046875 0.534375 0.1390625 0.215625
27 0.9609375 0.44140625 0.078125 0.1296875