26 0.4625 0.159375 0.2609375 0.1421875
26 0.21328125 0.18203125 0.19375 0.1765625
26 0.37734375 0.2703125 0.234375 0.1546875
26 0.27890625 0.3859375 0.178125 0.1796875
26 0.33984375 0.50546875 0.1078125 0.09375
26 0.42265625 0.665625 0.1671875 0.253125
26 0.6734375 0.46953125 0.271875 0.175
26 0.7484375 0.521875 0.2078125 0.25625
26 0.61484375 0.02890625 0.1015625 0.0578125
26 0.646875 0.63046875 0.209375 0.15
26 0.5890625 0.728125 0.1859375 0.125
26 0.52265625 0.89140625 0.2015625 0.2171875
26 0.72890625 0.7453125 0.203125 0.1421875
26 0.79765625 0.696875 0.1640625 0.13125
26 0.74453125 0.90546875 0.1171875 0.1203125
26 0.84375 0.75859375 0.096875 0.1015625
26 0.8421875 0.88671875 0.153125 0.125