26 0.840625 0.534375 0.0921875 0.246875
26 0.8703125 0.2859375 0.14453125 0.16796875
26 0.75 0.42734375 0.11171875 0.215625
26 0.6578125 0.3078125 0.1515625 0.15
26 0.528125 0.3421875 0.07578125 0.09375
26 0.35390625 0.38984375 0.23359375 0.121875
26 0.49375 0.67578125 0.125 0.2515625
26 0.42734375 0.73828125 0.22734375 0.16484375
26 0.95703125 0.715625 0.08515625 0.08515625
26 0.3421875 0.61640625 0.11328125 0.190625
26 0.25859375 0.53984375 0.0921875 0.17109375
26 0.10390625 0.4390625 0.20546875 0.1625
26 0.2125 0.67265625 0.10546875 0.1859375
26 0.2453125 0.75 0.10234375 0.14609375
26 0.05234375 0.6546875 0.10234375 0.0984375
26 0.17578125 0.7828125 0.0875 0.08046875
26 0.05078125 0.7546875 0.0984375 0.13515625