26 0.47734375 0.84140625 0.25 0.1
26 0.7265625 0.8625 0.1734375 0.15
26 0.58125 0.74765625 0.21875 0.11875
26 0.69765625 0.65078125 0.1546875 0.15625
26 0.65859375 0.52265625 0.096875 0.0796875
26 0.6046875 0.35 0.1296875 0.2375
26 0.32421875 0.5 0.25625 0.134375
26 0.259375 0.4359375 0.1734375 0.2328125
26 0.3 0.96015625 0.0875 0.0796875
26 0.378125 0.34609375 0.19375 0.1203125
26 0.4515625 0.26015625 0.1734375 0.0984375
26 0.54609375 0.10390625 0.1703125 0.2078125
26 0.3171875 0.21875 0.1890625 0.1125
26 0.24140625 0.25390625 0.15 0.1078125
26 0.3296875 0.0578125 0.1015625 0.10625
26 0.20625 0.1859375 0.0828125 0.090625
26 0.2296875 0.06015625 0.1390625 0.103125