26 0.57578125 0.83359375 0.25625 0.121875
26 0.3328125 0.89375 0.184375 0.1640625
26 0.45859375 0.75703125 0.228125 0.1375
26 0.328125 0.6796875 0.1671875 0.16875
26 0.346875 0.546875 0.1015625 0.0859375
26 0.37265625 0.36875 0.15 0.246875
26 0.6734375 0.47265625 0.265625 0.1546875
26 0.72734375 0.39921875 0.190625 0.2453125
26 0.76953125 0.92734375 0.0953125 0.0953125
26 0.59609375 0.32890625 0.203125 0.1359375
26 0.51015625 0.25546875 0.18125 0.1125
26 0.39140625 0.1140625 0.1859375 0.2234375
26 0.63671875 0.19375 0.196875 0.1265625
26 0.7171875 0.21640625 0.1578125 0.11875
26 0.59921875 0.046875 0.1109375 0.09375
26 0.74140625 0.14375 0.090625 0.096875
26 0.696875 0.03984375 0.146875 0.0796875