26 0.84140625 0.525 0.134375 0.259375
26 0.82734375 0.775 0.171875 0.190625
26 0.73359375 0.61484375 0.146875 0.23125
26 0.621875 0.71640625 0.175 0.1734375
26 0.5 0.66015625 0.090625 0.10625
26 0.33671875 0.5828125 0.2515625 0.1609375
26 0.52421875 0.32578125 0.1671875 0.26875
26 0.46953125 0.25234375 0.253125 0.2015625
26 0.96875 0.36640625 0.0625 0.0984375
26 0.36484375 0.3578125 0.1453125 0.2078125
26 0.26953125 0.41875 0.1203125 0.184375
26 0.10703125 0.49140625 0.2140625 0.1953125
26 0.246875 0.2796875 0.1359375 0.2015625
26 0.29296875 0.209375 0.1265625 0.1609375
26 0.0859375 0.2703125 0.1171875 0.1140625
26 0.2296875 0.16484375 0.1 0.09375
26 0.1015625 0.17109375 0.1203125 0.15