26 0.525 0.15859375 0.259375 0.134375
26 0.775 0.17265625 0.190625 0.171875
26 0.61484375 0.26640625 0.23125 0.146875
26 0.71640625 0.378125 0.1734375 0.175
26 0.66015625 0.5 0.10625 0.090625
26 0.5828125 0.66328125 0.1609375 0.2515625
26 0.32578125 0.47578125 0.26875 0.1671875
26 0.25234375 0.53046875 0.2015625 0.253125
26 0.36640625 0.03046875 0.0984375 0.0609375
26 0.3578125 0.63515625 0.2078125 0.1453125
26 0.41875 0.73046875 0.184375 0.1203125
26 0.49140625 0.8921875 0.1953125 0.215625
26 0.2796875 0.753125 0.2015625 0.1359375
26 0.209375 0.70703125 0.1609375 0.1265625
26 0.2703125 0.9140625 0.1140625 0.1171875
26 0.16484375 0.7703125 0.09375 0.1
26 0.17109375 0.8984375 0.15 0.1203125