26 0.1625 0.4421875 0.109375 0.253125
26 0.115625 0.6875 0.15625 0.178125
26 0.2453125 0.5546875 0.1265625 0.2234375
26 0.32890625 0.68046875 0.1609375 0.1609375
26 0.4609375 0.65546875 0.0828125 0.0984375
26 0.63828125 0.6203125 0.2421875 0.1375
26 0.51875 0.325 0.1421875 0.259375
26 0.5890625 0.2671875 0.2390625 0.1796875
26 0.059375 0.253125 0.090625 0.090625
26 0.665625 0.39453125 0.1265625 0.1984375
26 0.74375 0.47734375 0.103125 0.1765625
26 0.890625 0.58828125 0.215625 0.1765625
26 0.79921875 0.34765625 0.11875 0.1921875
26 0.771875 0.26875 0.1125 0.153125
26 0.95078125 0.37578125 0.0984375 0.1046875
26 0.84296875 0.240625 0.0921875 0.0859375
26 0.95546875 0.27734375 0.0890625 0.1421875