26 0.465625 0.159375 0.246875 0.0921875
26 0.7140625 0.1296875 0.16796875 0.14453125
26 0.57265625 0.25 0.215625 0.11171875
26 0.6921875 0.3421875 0.15 0.1515625
26 0.6578125 0.471875 0.09375 0.07578125
26 0.61015625 0.64609375 0.121875 0.23359375
26 0.32421875 0.50625 0.2515625 0.125
26 0.26171875 0.57265625 0.16484375 0.22734375
26 0.284375 0.04296875 0.08515625 0.08515625
26 0.38359375 0.6578125 0.190625 0.11328125
26 0.46015625 0.74140625 0.17109375 0.0921875
26 0.5609375 0.89609375 0.1625 0.20546875
26 0.32734375 0.7875 0.1859375 0.10546875
26 0.25 0.7546875 0.14609375 0.10234375
26 0.3453125 0.94765625 0.0984375 0.10234375
26 0.2171875 0.82421875 0.08046875 0.0875
26 0.2453125 0.94921875 0.13515625 0.0984375