27 0.246875 0.4578125 0.2609375 0.8359375
27 0.4390625 0.1671875 0.284375 0.23125
27 0.41171875 0.34921875 0.265625 0.2328125
27 0.3640625 0.4828125 0.2515625 0.1984375
27 0.3671875 0.62109375 0.2453125 0.196875
27 0.3515625 0.79609375 0.2421875 0.203125
27 0.57421875 0.1125 0.2484375 0.225
27 0.58515625 0.3078125 0.2375 0.215625
27 0.56953125 0.51640625 0.2703125 0.253125
27 0.5515625 0.71015625 0.29375 0.2578125
27 0.490625 0.8953125 0.24375 0.209375
27 0.78671875 0.09375 0.2 0.1390625
27 0.7296875 0.17890625 0.228125 0.1671875
27 0.76171875 0.30390625 0.215625 0.215625
27 0.73125 0.4484375 0.2328125 0.2109375
27 0.71328125 0.65 0.209375 0.1875
27 0.68046875 0.8625 0.2171875 0.18125