23 0.2203125 0.090625 0.121875 0.18125
23 0.26171875 0.246875 0.2 0.14375
23 0.2546875 0.34375 0.190625 0.1578125
23 0.26328125 0.57109375 0.209375 0.334375
23 0.25625 0.79453125 0.19375 0.2140625
23 0.465625 0.85546875 0.3125 0.2859375
23 0.45078125 0.5578125 0.265625 0.3453125
23 0.41484375 0.3078125 0.1890625 0.23125
23 0.38203125 0.096875 0.225 0.19375
23 0.503125 0.14140625 0.140625 0.15
23 0.6296875 0.3390625 0.2453125 0.29375
23 0.6890625 0.60859375 0.15 0.2796875
23 0.75 0.85 0.175 0.209375
23 0.76484375 0.38671875 0.146875 0.259375
23 0.67265625 0.10078125 0.1609375 0.2015625
23 0.7765625 0.11171875 0.1203125 0.2234375