27 0.25 0.55625 0.3421875 0.834375
27 0.31875 0.2140625 0.3 0.2546875
27 0.36171875 0.39375 0.28125 0.253125
27 0.36796875 0.534375 0.2640625 0.21875
27 0.421875 0.66171875 0.2578125 0.2171875
27 0.4734375 0.83046875 0.25625 0.221875
27 0.42265625 0.11796875 0.2640625 0.2359375
27 0.50703125 0.28984375 0.253125 0.234375
27 0.5703125 0.4890625 0.2875 0.2734375
27 0.6265625 0.675 0.3109375 0.28125
27 0.64296875 0.8765625 0.259375 0.24375
27 0.61328125 0.046875 0.2078125 0.09375
27 0.59296875 0.11640625 0.2375 0.1859375
27 0.66953125 0.2203125 0.23125 0.23125
27 0.6953125 0.36484375 0.2484375 0.228125
27 0.75390625 0.559375 0.2234375 0.203125
27 0.803125 0.76796875 0.2296875 0.1984375