27 0.24921875 0.4484375 0.3296875 0.834375
27 0.3234375 0.7890625 0.2984375 0.2515625
27 0.36328125 0.60859375 0.278125 0.25
27 0.3671875 0.46796875 0.2625 0.215625
27 0.41953125 0.3390625 0.25625 0.2140625
27 0.46796875 0.1703125 0.253125 0.21875
27 0.42890625 0.88359375 0.2609375 0.2328125
27 0.5109375 0.71015625 0.25 0.23125
27 0.5703125 0.51015625 0.284375 0.2703125
27 0.6234375 0.32265625 0.3078125 0.2765625
27 0.63671875 0.12109375 0.2578125 0.240625
27 0.621875 0.95234375 0.20625 0.0953125
27 0.59921875 0.88203125 0.2359375 0.1828125
27 0.67421875 0.7765625 0.228125 0.228125
27 0.69765625 0.63125 0.2453125 0.225
27 0.753125 0.43671875 0.2203125 0.2015625
27 0.7984375 0.2265625 0.228125 0.1953125