27 0.246875 0.54296875 0.3015625 0.8359375
27 0.33359375 0.20546875 0.29375 0.24375
27 0.3671875 0.38671875 0.2734375 0.2421875
27 0.36640625 0.52734375 0.2578125 0.209375
27 0.41328125 0.6578125 0.2515625 0.2078125
27 0.45625 0.828125 0.25 0.2125
27 0.44375 0.1140625 0.25625 0.228125
27 0.51796875 0.290625 0.2453125 0.225
27 0.57109375 0.4921875 0.2796875 0.2640625
27 0.6171875 0.68203125 0.303125 0.2703125
27 0.62265625 0.8828125 0.2515625 0.234375
27 0.63828125 0.0484375 0.2046875 0.096875
27 0.6125 0.121875 0.2328125 0.178125
27 0.68359375 0.2296875 0.2234375 0.2234375
27 0.7015625 0.37578125 0.240625 0.2203125
27 0.75078125 0.57265625 0.2171875 0.1953125
27 0.78828125 0.78359375 0.2234375 0.1890625