23 0.234375 0.9125 0.128125 0.175
23 0.2703125 0.7609375 0.2046875 0.15
23 0.26015625 0.66484375 0.1953125 0.1640625
23 0.2609375 0.4375 0.2203125 0.340625
23 0.24609375 0.2140625 0.2015625 0.2203125
23 0.453125 0.146875 0.321875 0.29375
23 0.4484375 0.44375 0.2765625 0.3546875
23 0.421875 0.6953125 0.196875 0.2375
23 0.3953125 0.903125 0.23125 0.19375
23 0.515625 0.85859375 0.146875 0.1546875
23 0.63515625 0.65625 0.2546875 0.303125
23 0.68515625 0.38515625 0.159375 0.284375
23 0.7375 0.14140625 0.1828125 0.215625
23 0.76875 0.60390625 0.1546875 0.265625
23 0.68671875 0.89296875 0.1671875 0.2078125
23 0.78984375 0.878125 0.128125 0.228125