23 0.153125 0.1453125 0.1515625 0.2
23 0.22109375 0.2921875 0.2203125 0.175
23 0.23125 0.3890625 0.215625 0.1890625
23 0.27890625 0.6109375 0.2640625 0.3640625
23 0.3109375 0.83203125 0.228125 0.24375
23 0.52734375 0.84375 0.3578125 0.3125
23 0.46171875 0.565625 0.3203125 0.3859375
23 0.3828125 0.32578125 0.2265625 0.259375
23 0.3140625 0.1234375 0.2546875 0.2296875
23 0.440625 0.14609375 0.165625 0.171875
23 0.6 0.31875 0.2921875 0.3328125
23 0.7046875 0.57421875 0.196875 0.3015625
23 0.80703125 0.8015625 0.209375 0.2375
23 0.74140625 0.3421875 0.1890625 0.28125
23 0.6 0.09375 0.19375 0.1875
23 0.70390625 0.09453125 0.1578125 0.1890625