23 0.0765625 0.27890625 0.153125 0.1453125
23 0.21640625 0.29921875 0.16875 0.2171875
23 0.3109375 0.27890625 0.1828125 0.2109375
23 0.5375 0.25546875 0.359375 0.253125
23 0.7578125 0.21796875 0.2390625 0.221875
23 0.84140625 0.415625 0.3171875 0.35
23 0.55078125 0.44296875 0.378125 0.3109375
23 0.29765625 0.4421875 0.2546875 0.21875
23 0.09765625 0.4390625 0.1953125 0.25
23 0.1453125 0.553125 0.16875 0.1609375
23 0.35859375 0.65078125 0.3265625 0.284375
23 0.63359375 0.671875 0.2984375 0.1875
23 0.88125 0.69921875 0.2328125 0.203125
23 0.425 0.778125 0.278125 0.18125
23 0.128125 0.7265625 0.2203125 0.1875
23 0.15390625 0.828125 0.2375 0.15