27 0.7515625 0.453125 0.315625 0.8359375
27 0.67109375 0.7921875 0.2953125 0.246875
27 0.634375 0.6109375 0.2765625 0.246875
27 0.63359375 0.4703125 0.2609375 0.2125
27 0.58359375 0.340625 0.253125 0.2109375
27 0.5375 0.17109375 0.2515625 0.215625
27 0.5625 0.884375 0.259375 0.23125
27 0.48515625 0.71015625 0.2484375 0.228125
27 0.42890625 0.50859375 0.2828125 0.2671875
27 0.3796875 0.3203125 0.30625 0.2734375
27 0.3703125 0.11875 0.2546875 0.2375
27 0.36875 0.9515625 0.20625 0.096875
27 0.39375 0.88046875 0.234375 0.18125
27 0.32109375 0.7734375 0.2265625 0.2265625
27 0.3 0.628125 0.24375 0.221875
27 0.2484375 0.43203125 0.21875 0.1984375
27 0.20703125 0.22109375 0.225 0.1921875