23 0.20625 0.10078125 0.128125 0.1859375
23 0.253125 0.25546875 0.2046875 0.15
23 0.24921875 0.35234375 0.1953125 0.1640625
23 0.265625 0.5796875 0.2203125 0.340625
23 0.26640625 0.803125 0.2015625 0.2203125
23 0.478125 0.85390625 0.321875 0.2921875
23 0.453125 0.559375 0.2765625 0.3546875
23 0.4078125 0.3109375 0.196875 0.2375
23 0.36796875 0.1015625 0.23125 0.2015625
23 0.490625 0.14140625 0.146875 0.1546875
23 0.62421875 0.334375 0.2546875 0.303125
23 0.69296875 0.6015625 0.159375 0.284375
23 0.76171875 0.84140625 0.1828125 0.215625
23 0.7609375 0.37734375 0.1546875 0.265625
23 0.65859375 0.0984375 0.1671875 0.196875
23 0.7625 0.1078125 0.128125 0.215625