27 0.7515625 0.546875 0.315625 0.8359375
27 0.67109375 0.2078125 0.2953125 0.246875
27 0.634375 0.3890625 0.2765625 0.246875
27 0.63359375 0.5296875 0.2609375 0.2125
27 0.58359375 0.659375 0.253125 0.2109375
27 0.5375 0.82890625 0.2515625 0.215625
27 0.5625 0.11484375 0.259375 0.2296875
27 0.48515625 0.28984375 0.2484375 0.228125
27 0.42890625 0.49140625 0.2828125 0.2671875
27 0.3796875 0.6796875 0.30625 0.2734375
27 0.3703125 0.88125 0.2546875 0.2375
27 0.36875 0.04765625 0.20625 0.0953125
27 0.39375 0.11953125 0.234375 0.18125
27 0.32109375 0.2265625 0.2265625 0.2265625
27 0.3 0.371875 0.24375 0.221875
27 0.2484375 0.56796875 0.21875 0.1984375
27 0.20703125 0.77890625 0.225 0.1921875