27 0.75625 0.49375 0.14765625 0.82265625
27 0.60703125 0.17890625 0.26015625 0.19765625
27 0.60859375 0.36328125 0.23984375 0.20078125
27 0.63671875 0.5015625 0.23046875 0.16796875
27 0.61484375 0.63828125 0.2234375 0.16796875
27 0.60546875 0.8140625 0.2203125 0.17421875
27 0.48046875 0.10390625 0.221875 0.20234375
27 0.4421875 0.29765625 0.2140625 0.1875
27 0.42890625 0.50625 0.24140625 0.221875
27 0.41953125 0.70078125 0.26484375 0.2234375
27 0.45234375 0.9 0.21875 0.19609375
27 0.27265625 0.0578125 0.1859375 0.11484375
27 0.3171875 0.15 0.21015625 0.13984375
27 0.26796875 0.26953125 0.190625 0.190625
27 0.278125 0.41640625 0.21015625 0.1828125
27 0.26796875 0.61875 0.1890625 0.1625
27 0.27109375 0.83359375 0.19765625 0.1546875