26 0.62265625 0.3109375 0.1703125 0.2671875
26 0.3921875 0.4015625 0.1234375 0.1796875
26 0.26328125 0.525 0.1125 0.184375
26 0.19921875 0.5453125 0.109375 0.1734375
26 0.0796875 0.46328125 0.153125 0.184375
26 0.29296875 0.30859375 0.1203125 0.246875
26 0.5875 0.13125 0.1296875 0.090625
26 0.91875 0.684375 0.1625 0.23125
26 0.7109375 0.7125 0.225 0.2546875
26 0.653125 0.640625 0.1453125 0.2015625
26 0.534375 0.528125 0.1546875 0.2296875
26 0.44921875 0.59296875 0.11875 0.184375
26 0.51484375 0.678125 0.1015625 0.1484375
26 0.3484375 0.63984375 0.1578125 0.2171875
26 0.28203125 0.72578125 0.1484375 0.2125
26 0.3546875 0.77421875 0.1296875 0.15625
26 0.1390625 0.71484375 0.1578125 0.18125
26 0.16640625 0.84296875 0.1875 0.2375