26 0.37109375 0.684375 0.2640625 0.1625
26 0.36796875 0.43671875 0.178125 0.1171875
26 0.434375 0.27109375 0.1828125 0.1078125
26 0.4296875 0.20390625 0.171875 0.1046875
26 0.30859375 0.12421875 0.18125 0.1484375
26 0.24453125 0.3796875 0.2453125 0.1125
26 0.19140625 0.71953125 0.0875 0.128125
26 0.834375 0.83671875 0.2265625 0.19375
26 0.77578125 0.61640625 0.25 0.21875
26 0.6875 0.5890625 0.1984375 0.140625
26 0.5390625 0.521875 0.2265625 0.1484375
26 0.5671875 0.41796875 0.1828125 0.1140625
26 0.67109375 0.446875 0.146875 0.096875
26 0.5734375 0.30703125 0.2140625 0.153125
26 0.628125 0.21328125 0.209375 0.1421875
26 0.7 0.2625 0.1546875 0.1265625
26 0.5640625 0.08515625 0.178125 0.153125
26 0.6921875 0.0765625 0.234375 0.153125