23 0.49296875 0.5078125 0.8609375 0.9015625
15 0.18984375 0.24921875 0.1203125 0.140625
15 0.61015625 0.24375 0.25625 0.1640625
15 0.5078125 0.47734375 0.11875 0.1578125
15 0.3703125 0.5984375 0.2140625 0.16875
15 0.67421875 0.42578125 0.109375 0.1875
15 0.41640625 0.821875 0.2171875 0.1296875
15 0.371875 0.18203125 0.2109375 0.134375
15 0.615625 0.15078125 0.075 0.09375
15 0.80078125 0.46484375 0.103125 0.1546875
15 0.26953125 0.3484375 0.1296875 0.1765625
15 0.1890625 0.478125 0.1515625 0.0921875