23 0.50859375 0.50625 0.7484375 0.7984375
15 0.7671875 0.20390625 0.1015625 0.1265625
15 0.35078125 0.2640625 0.240625 0.1296875
15 0.48828125 0.47890625 0.0984375 0.1453125
15 0.64296875 0.5765625 0.196875 0.140625
15 0.31640625 0.45390625 0.0828125 0.1765625
15 0.6328125 0.8046875 0.20625 0.0984375
15 0.5765625 0.16640625 0.1984375 0.10625
15 0.33125 0.17265625 0.0625 0.0859375
15 0.19765625 0.5125 0.08125 0.14375
15 0.70390625 0.31484375 0.10625 0.1625
15 0.80390625 0.4296875 0.1421875 0.071875