26 0.61640625 0.69296875 0.178125 0.26875
26 0.38828125 0.59453125 0.128125 0.18125
26 0.2640625 0.4671875 0.1171875 0.184375
26 0.20078125 0.44375 0.1140625 0.175
26 0.07890625 0.521875 0.1578125 0.1875
26 0.28671875 0.684375 0.128125 0.246875
26 0.575 0.87109375 0.13125 0.09375
26 0.9203125 0.33046875 0.159375 0.2359375
26 0.71875 0.2953125 0.23125 0.259375
26 0.6578125 0.36484375 0.1515625 0.2046875
26 0.5359375 0.4734375 0.1609375 0.23125
26 0.453125 0.40546875 0.1234375 0.1859375
26 0.52109375 0.32265625 0.1046875 0.15
26 0.353125 0.3546875 0.1640625 0.21875
26 0.28984375 0.26640625 0.153125 0.2140625
26 0.3640625 0.2203125 0.134375 0.159375
26 0.146875 0.27265625 0.1625 0.184375
26 0.17890625 0.1453125 0.19375 0.2421875