23 0.50859375 0.49375 0.73515625 0.7859375
15 0.76171875 0.80078125 0.1 0.125
15 0.346875 0.73359375 0.23828125 0.125
15 0.48828125 0.52109375 0.0953125 0.14296875
15 0.64453125 0.42578125 0.19375 0.13671875
15 0.315625 0.54296875 0.08046875 0.17578125
15 0.63828125 0.19765625 0.20390625 0.0953125
15 0.57109375 0.83515625 0.19609375 0.10234375
15 0.32578125 0.82421875 0.0609375 0.08515625
15 0.19765625 0.48203125 0.07890625 0.14296875
15 0.70078125 0.6890625 0.10390625 0.1609375
15 0.80234375 0.57578125 0.14140625 0.06875