26 0.6359375 0.3203125 0.2609375 0.1546875
26 0.6296875 0.56796875 0.1765625 0.1125
26 0.5578125 0.73125 0.1796875 0.1015625
26 0.56015625 0.7984375 0.1703125 0.0984375
26 0.678125 0.88203125 0.178125 0.14375
26 0.75078125 0.62890625 0.24375 0.1046875
26 0.81640625 0.29140625 0.0828125 0.1265625
26 0.17734375 0.1515625 0.2234375 0.1875
26 0.228125 0.37421875 0.2453125 0.2125
26 0.315625 0.4046875 0.196875 0.134375
26 0.46171875 0.4765625 0.2234375 0.1421875
26 0.4296875 0.57890625 0.18125 0.1078125
26 0.32734375 0.546875 0.1453125 0.0921875
26 0.4203125 0.690625 0.2109375 0.146875
26 0.3625 0.78203125 0.2078125 0.1359375
26 0.29140625 0.73046875 0.1515625 0.121875
26 0.421875 0.9125 0.1734375 0.1484375
26 0.290625 0.921875 0.23125 0.15625