23 0.309375 0.8453125 0.1203125 0.203125
23 0.371875 0.87421875 0.0921875 0.171875
23 0.44140625 0.95078125 0.1609375 0.0984375
23 0.43125 0.06328125 0.125 0.1265625
23 0.54921875 0.03203125 0.1859375 0.0625
23 0.35546875 0.6046875 0.159375 0.1640625
23 0.36171875 0.4875 0.1625 0.1171875
23 0.40625 0.39609375 0.140625 0.1703125
23 0.36484375 0.24140625 0.1421875 0.175
23 0.31328125 0.35390625 0.09375 0.1265625
23 0.48359375 0.3140625 0.1484375 0.1875
23 0.484375 0.20546875 0.1125 0.1
23 0.5671875 0.22109375 0.1265625 0.15625
23 0.5234375 0.47578125 0.15625 0.1671875
23 0.49453125 0.6203125 0.1453125 0.159375
23 0.4875 0.74375 0.121875 0.175
23 0.58984375 0.725 0.15 0.1609375
23 0.61484375 0.5734375 0.1578125 0.1765625
23 0.62890625 0.37421875 0.1875 0.178125
23 0.3796875 0.71640625 0.1296875 0.125