10 0.6296875 0.7453125 0.20390625 0.26015625
10 0.375 0.94765625 0.23828125 0.10390625
10 0.64453125 0.23359375 0.19921875 0.18125
10 0.559375 0.475 0.1546875 0.17890625
10 0.67890625 0.96015625 0.17265625 0.07734375
10 0.33359375 0.7546875 0.19921875 0.17890625
8 0.32109375 0.35 0.32890625 0.16640625
8 0.8078125 0.60390625 0.13515625 0.3109375
8 0.80625 0.20859375 0.13828125 0.11015625
8 0.33203125 0.58203125 0.29765625 0.13125
8 0.44765625 0.215625 0.1296875 0.10703125
8 0.29453125 0.20234375 0.10859375 0.14296875