23 0.83125 0.2859375 0.2109375 0.1328125
23 0.86484375 0.34609375 0.178125 0.103125
23 0.9453125 0.41015625 0.109375 0.1671875
23 0.0640625 0.4625 0.128125 0.134375
23 0.03671875 0.58203125 0.0734375 0.1890625
23 0.59453125 0.3484375 0.1734375 0.1703125
23 0.478125 0.36328125 0.128125 0.1703125
23 0.38984375 0.4140625 0.1796875 0.153125
23 0.2328125 0.3828125 0.184375 0.1546875
23 0.34140625 0.32421875 0.1328125 0.103125
23 0.31328125 0.496875 0.196875 0.159375
23 0.2046875 0.5046875 0.1078125 0.11875
23 0.2265625 0.58671875 0.165625 0.1359375
23 0.47734375 0.525 0.178125 0.1671875
23 0.61953125 0.48671875 0.16875 0.15625
23 0.7421875 0.4703125 0.1828125 0.1328125
23 0.73046875 0.57421875 0.1703125 0.1609375
23 0.58125 0.61015625 0.1875 0.16875
23 0.38359375 0.6375 0.1890625 0.1984375
23 0.7078125 0.36484375 0.134375 0.1390625