23 0.19765625 0.246875 0.2203125 0.15625
23 0.15703125 0.30234375 0.1859375 0.1234375
23 0.06796875 0.35625 0.1265625 0.175
23 0.93359375 0.515625 0.1328125 0.146875
23 0.95 0.63828125 0.096875 0.1921875
23 0.425 0.33828125 0.190625 0.1859375
23 0.5390625 0.3671875 0.1453125 0.18125
23 0.6203125 0.428125 0.19375 0.1703125
23 0.7796875 0.41640625 0.1984375 0.1734375
23 0.67890625 0.34453125 0.1421875 0.115625
23 0.6859375 0.51953125 0.2109375 0.1796875
23 0.7921875 0.540625 0.11875 0.128125
23 0.7609375 0.61953125 0.1765625 0.153125
23 0.51953125 0.52734375 0.19375 0.184375
23 0.3828125 0.471875 0.1828125 0.171875
23 0.26328125 0.440625 0.19375 0.1515625
23 0.26171875 0.5453125 0.184375 0.1765625
23 0.40625 0.59921875 0.203125 0.1875
23 0.59921875 0.65078125 0.209375 0.2171875
23 0.31015625 0.340625 0.146875 0.1515625