23 0.6015625 0.88125 0.1578125 0.221875
23 0.534375 0.89453125 0.125 0.1875
23 0.44765625 0.94375 0.1765625 0.1125
23 0.671875 0.0921875 0.1484375 0.1515625
23 0.5640625 0.04140625 0.19375 0.0828125
23 0.61484375 0.63671875 0.1890625 0.1921875
23 0.63671875 0.52109375 0.1828125 0.1484375
23 0.615625 0.421875 0.171875 0.1953125
23 0.69375 0.28203125 0.175 0.2
23 0.71640625 0.403125 0.1171875 0.1421875
23 0.5609375 0.3234375 0.1828125 0.2125
23 0.58671875 0.21796875 0.1296875 0.1203125
23 0.50234375 0.21328125 0.1546875 0.178125
23 0.48359375 0.4703125 0.1859375 0.1953125
23 0.47578125 0.61796875 0.175 0.184375
23 0.45390625 0.7390625 0.1546875 0.1953125
23 0.35859375 0.696875 0.1796875 0.1875
23 0.3703125 0.54296875 0.190625 0.2046875
23 0.40546875 0.346875 0.21875 0.2109375
23 0.5640625 0.7390625 0.153125 0.1484375