23 0.71953125 0.17265625 0.1375 0.2125
23 0.6609375 0.13828125 0.10625 0.1796875
23 0.59765625 0.05546875 0.16875 0.1109375
23 0.52890625 0.9359375 0.1359375 0.128125
23 0.41015625 0.9609375 0.1890625 0.078125
23 0.653125 0.40859375 0.171875 0.1765625
23 0.63671875 0.52421875 0.171875 0.13125
23 0.584375 0.61171875 0.1546875 0.18125
23 0.6125 0.76953125 0.1578125 0.1859375
23 0.6734375 0.66171875 0.1046875 0.134375
23 0.5 0.68671875 0.1625 0.1984375
23 0.48984375 0.7953125 0.1203125 0.109375
23 0.40859375 0.771875 0.1390625 0.1671875
23 0.475 0.52265625 0.16875 0.1796875
23 0.515625 0.38046875 0.1578125 0.1703125
23 0.534375 0.25859375 0.1359375 0.184375
23 0.43046875 0.26796875 0.1640625 0.171875
23 0.39140625 0.4171875 0.171875 0.1890625
23 0.3609375 0.6140625 0.2015625 0.1921875
23 0.63828125 0.29453125 0.140625 0.1359375