23 0.634375 0.87109375 0.14375 0.215625
23 0.56796875 0.88984375 0.1125 0.18125
23 0.48671875 0.94765625 0.1703125 0.1046875
23 0.6359375 0.07890625 0.140625 0.1421875
23 0.5234375 0.0359375 0.190625 0.071875
23 0.6265625 0.62578125 0.1765625 0.18125
23 0.63828125 0.509375 0.175 0.1359375
23 0.60859375 0.41171875 0.1609375 0.1859375
23 0.67421875 0.265625 0.1625 0.190625
23 0.70703125 0.384375 0.109375 0.1359375
23 0.5453125 0.31875 0.16875 0.203125
23 0.56171875 0.2109375 0.1234375 0.1125
23 0.47734375 0.2140625 0.14375 0.1703125
23 0.48125 0.471875 0.175 0.184375
23 0.48671875 0.61953125 0.1640625 0.175
23 0.47421875 0.7421875 0.1421875 0.1875
23 0.37578125 0.70859375 0.16875 0.1765625
23 0.375 0.55390625 0.178125 0.19375
23 0.3921875 0.35546875 0.20625 0.1984375
23 0.58515625 0.7328125 0.14375 0.140625