26 0.375 0.71015625 0.10234375 0.09375
26 0.32578125 0.61171875 0.1234375 0.07109375
26 0.284375 0.54453125 0.1296875 0.07421875
26 0.36484375 0.51328125 0.06875 0.096875
26 0.33515625 0.95234375 0.090625 0.0921875
26 0.2125 0.7796875 0.04453125 0.14609375
26 0.58046875 0.89609375 0.15 0.14140625
26 0.60390625 0.76640625 0.17265625 0.10703125
26 0.628125 0.60390625 0.10390625 0.090625
26 0.51484375 0.45703125 0.11484375 0.1265625
26 0.42734375 0.225 0.13671875 0.08359375
26 0.38828125 0.1578125 0.0921875 0.08359375
26 0.4671875 0.07578125 0.16640625 0.14765625
26 0.57265625 0.1203125 0.11171875 0.0640625
26 0.69609375 0.36171875 0.11015625 0.10546875
26 0.73359375 0.246875 0.08515625 0.0921875
26 0.74375 0.1875 0.1 0.0640625
26 0.7234375 0.0984375 0.0875 0.07265625
26 0.67265625 0.0578125 0.096875 0.11171875
26 0.746875 0.51171875 0.13359375 0.1890625
26 0.7546875 0.79609375 0.11484375 0.1828125
26 0.7640625 0.96328125 0.096875 0.0734375