5 0.30546875 0.02578125 0.0765625 0.0515625
5 0.4203125 0.1 0.20625 0.2
5 0.73125 0.08828125 0.1640625 0.1203125
5 0.58828125 0.15078125 0.18125 0.2109375
5 0.88828125 0.13984375 0.1125 0.1296875
5 0.7640625 0.21484375 0.1734375 0.1484375
5 0.8640625 0.2890625 0.0890625 0.134375
5 0.81328125 0.46015625 0.1015625 0.1296875
5 0.7109375 0.38828125 0.15 0.184375
5 0.5671875 0.33359375 0.1875 0.178125
5 0.40625 0.3109375 0.1625 0.190625
5 0.253125 0.29296875 0.125 0.1625
5 0.22109375 0.46796875 0.15 0.1953125
5 0.38359375 0.53046875 0.16875 0.203125
5 0.5609375 0.51484375 0.1765625 0.190625
5 0.71484375 0.59765625 0.203125 0.221875
5 0.690625 0.77578125 0.1828125 0.1609375
5 0.5421875 0.70703125 0.2140625 0.21875
5 0.2234375 0.6578125 0.21875 0.1875
5 0.38984375 0.7453125 0.178125 0.1953125
5 0.16875 0.80703125 0.1875 0.184375
5 0.28359375 0.9125 0.19375 0.1328125
5 0.50546875 0.86640625 0.2015625 0.1546875
5 0.63125 0.925 0.15625 0.15
5 0.496875 0.9578125 0.2125 0.084375