26 0.64609375 0.30390625 0.1109375 0.1046875
26 0.68515625 0.40703125 0.1296875 0.084375
26 0.71875 0.478125 0.1375 0.0875
26 0.6359375 0.50078125 0.078125 0.103125
26 0.7109375 0.0671875 0.1 0.1015625
26 0.81484375 0.2515625 0.059375 0.15
26 0.46171875 0.09765625 0.1640625 0.15625
26 0.42421875 0.22421875 0.1828125 0.125
26 0.38359375 0.38359375 0.1125 0.1015625
26 0.48046875 0.54140625 0.128125 0.1375
26 0.54375 0.78125 0.1453125 0.096875
26 0.575 0.85234375 0.1 0.0921875
26 0.4875 0.92109375 0.18125 0.1578125
26 0.38828125 0.8703125 0.1171875 0.075
26 0.290625 0.6171875 0.1203125 0.115625
26 0.24140625 0.72734375 0.09375 0.1
26 0.225 0.78515625 0.10625 0.0734375
26 0.2359375 0.87578125 0.0953125 0.08125
26 0.28203125 0.921875 0.1078125 0.121875
26 0.25546875 0.4625 0.153125 0.2015625
26 0.27734375 0.17890625 0.1328125 0.19375
26 0.284375 0.02578125 0.103125 0.0515625