26 0.65 0.30703125 0.1125 0.10625
26 0.68671875 0.41015625 0.13125 0.0859375
26 0.71953125 0.48203125 0.1375 0.0890625
26 0.6359375 0.503125 0.0796875 0.1046875
26 0.71875 0.07109375 0.1015625 0.103125
26 0.81953125 0.2578125 0.0625 0.15
26 0.46875 0.096875 0.165625 0.159375
26 0.4296875 0.22265625 0.184375 0.1265625
26 0.38515625 0.38125 0.1140625 0.103125
26 0.4796875 0.540625 0.1296875 0.1390625
26 0.53828125 0.78203125 0.1453125 0.1
26 0.56953125 0.853125 0.1015625 0.09375
26 0.48046875 0.9203125 0.1828125 0.159375
26 0.38125 0.86796875 0.11875 0.0765625
26 0.28828125 0.61328125 0.121875 0.11875
26 0.2375 0.72265625 0.0953125 0.1015625
26 0.2203125 0.78046875 0.1078125 0.075
26 0.22890625 0.87109375 0.0953125 0.0828125
26 0.275 0.91796875 0.109375 0.1234375
26 0.25625 0.45859375 0.15625 0.2046875
26 0.28359375 0.175 0.1359375 0.1953125
26 0.29453125 0.025 0.1046875 0.05