5 0.96953125 0.71875 0.0609375 0.071875
5 0.896875 0.6 0.196875 0.2
5 0.9234375 0.290625 0.1140625 0.1609375
5 0.853125 0.4296875 0.20625 0.1734375
5 0.88046875 0.13046875 0.1265625 0.1078125
5 0.7984375 0.25078125 0.140625 0.16875
5 0.7296875 0.14765625 0.1328125 0.0828125
5 0.55625 0.1890625 0.1265625 0.096875
5 0.62265625 0.2953125 0.1796875 0.14375
5 0.66953125 0.44140625 0.171875 0.1828125
5 0.684375 0.603125 0.1859375 0.15625
5 0.69375 0.7578125 0.159375 0.11875
5 0.51796875 0.7796875 0.1921875 0.1421875
5 0.46328125 0.61484375 0.1984375 0.1609375
5 0.48828125 0.43828125 0.184375 0.16875
5 0.41328125 0.28046875 0.215625 0.1953125
5 0.234375 0.2953125 0.1546875 0.178125
5 0.2953125 0.44765625 0.2109375 0.2078125
5 0.32734375 0.76796875 0.1796875 0.2140625
5 0.24921875 0.59765625 0.190625 0.1703125
5 0.17578125 0.81484375 0.178125 0.18125
5 0.07734375 0.69453125 0.125 0.1921875
5 0.134375 0.47578125 0.146875 0.196875
5 0.07734375 0.3453125 0.1546875 0.15
5 0.0390625 0.47734375 0.078125 0.2109375