5 0.03984375 0.7609375 0.0796875 0.0625
5 0.11328125 0.634375 0.184375 0.1875
5 0.06015625 0.328125 0.103125 0.15625
5 0.1421875 0.4609375 0.196875 0.159375
5 0.0890625 0.165625 0.1203125 0.0984375
5 0.18046875 0.278125 0.1296875 0.1609375
5 0.240625 0.16875 0.1296875 0.0734375
5 0.41640625 0.1953125 0.121875 0.0875
5 0.36015625 0.30703125 0.171875 0.13125
5 0.3265625 0.45625 0.1609375 0.171875
5 0.32578125 0.61953125 0.1765625 0.14375
5 0.32890625 0.7734375 0.153125 0.10625
5 0.50703125 0.78046875 0.184375 0.1296875
5 0.54609375 0.6109375 0.190625 0.146875
5 0.50625 0.4375 0.175 0.1578125
5 0.5671875 0.2734375 0.203125 0.18125
5 0.746875 0.27265625 0.1421875 0.16875
5 0.69921875 0.4296875 0.1984375 0.19375
5 0.6953125 0.75234375 0.165625 0.203125
5 0.75859375 0.575 0.1796875 0.1578125
5 0.85 0.78515625 0.1671875 0.1703125
5 0.93828125 0.65703125 0.1109375 0.1859375
5 0.86171875 0.44375 0.1328125 0.190625
5 0.9140625 0.30859375 0.1578125 0.1390625
5 0.9625 0.43515625 0.075 0.2078125