26 0.59453125 0.27421875 0.1140625 0.1078125
26 0.65703125 0.36484375 0.1328125 0.0875
26 0.70703125 0.42578125 0.1390625 0.0921875
26 0.63203125 0.46796875 0.08125 0.10625
26 0.6 0.03984375 0.103125 0.0796875
26 0.74609375 0.1828125 0.0640625 0.1515625
26 0.36484375 0.11875 0.16875 0.1609375
26 0.36015625 0.25078125 0.1859375 0.1296875
26 0.35859375 0.41484375 0.115625 0.1046875
26 0.49140625 0.54453125 0.13125 0.140625
26 0.61015625 0.7625 0.146875 0.1015625
26 0.65859375 0.8234375 0.103125 0.0953125
26 0.59140625 0.915625 0.1859375 0.16875
26 0.48125 0.8859375 0.1203125 0.0796875
26 0.325 0.6640625 0.1234375 0.1203125
26 0.30390625 0.7828125 0.096875 0.103125
26 0.30234375 0.84375 0.1078125 0.078125
26 0.334375 0.92890625 0.096875 0.084375
26 0.38984375 0.95 0.1109375 0.1
26 0.25390625 0.52265625 0.159375 0.20625
26 0.20625 0.2421875 0.1390625 0.196875
26 0.17265625 0.07734375 0.10625 0.084375