5 0.2359375 0.959375 0.0625 0.08125
5 0.365625 0.88671875 0.1875 0.184375
5 0.671875 0.93984375 0.15625 0.103125
5 0.5390625 0.8578125 0.159375 0.196875
5 0.834375 0.9109375 0.0984375 0.1203125
5 0.721875 0.81953125 0.1609375 0.1296875
5 0.83125 0.759375 0.0734375 0.1296875
5 0.8046875 0.58359375 0.0875 0.121875
5 0.69296875 0.63984375 0.13125 0.171875
5 0.54375 0.6734375 0.171875 0.1609375
5 0.38046875 0.67421875 0.14375 0.1765625
5 0.2265625 0.67109375 0.10625 0.153125
5 0.21953125 0.49296875 0.1296875 0.184375
5 0.3890625 0.45390625 0.146875 0.190625
5 0.5625 0.49375 0.1578125 0.175
5 0.7265625 0.4328125 0.18125 0.203125
5 0.72734375 0.253125 0.16875 0.1421875
5 0.5703125 0.30078125 0.19375 0.1984375
5 0.24765625 0.3046875 0.203125 0.165625
5 0.425 0.24140625 0.1578125 0.1796875
5 0.21484375 0.15 0.1703125 0.1671875
5 0.34296875 0.06171875 0.1859375 0.1109375
5 0.55625 0.13828125 0.190625 0.1328125
5 0.69140625 0.0859375 0.1390625 0.1578125
5 0.56328125 0.0375 0.2078125 0.075