26 0.35703125 0.6984375 0.109375 0.1015625
26 0.31640625 0.59609375 0.1296875 0.08125
26 0.28125 0.52578125 0.1359375 0.0859375
26 0.3640625 0.5015625 0.0765625 0.103125
26 0.29609375 0.9359375 0.0984375 0.1
26 0.1890625 0.75390625 0.0578125 0.15
26 0.5453125 0.9015625 0.1625 0.1546875
26 0.58046875 0.77421875 0.18125 0.121875
26 0.61875 0.61484375 0.1109375 0.1
26 0.51875 0.45859375 0.125 0.1359375
26 0.4515625 0.21953125 0.14375 0.0953125
26 0.41875 0.14921875 0.0984375 0.090625
26 0.503125 0.07734375 0.178125 0.1546875
26 0.60546875 0.128125 0.1171875 0.0734375
26 0.70703125 0.3796875 0.11875 0.1140625
26 0.7546875 0.26796875 0.0921875 0.1
26 0.7703125 0.21015625 0.1046875 0.071875
26 0.7578125 0.11953125 0.09375 0.0796875
26 0.71015625 0.07421875 0.10625 0.1203125
26 0.74453125 0.5328125 0.15 0.2
26 0.728125 0.8171875 0.1296875 0.1921875
26 0.721875 0.971875 0.103125 0.05625