10 0.72109375 0.203125 0.14375 0.090625
10 0.5265625 0.18984375 0.0890625 0.0671875
10 0.33359375 0.23359375 0.0953125 0.1
10 0.7234375 0.3265625 0.1328125 0.1078125
10 0.50078125 0.28125 0.1203125 0.1078125
10 0.29375 0.34296875 0.09375 0.090625
10 0.7484375 0.49296875 0.15625 0.121875
10 0.4875 0.434375 0.115625 0.1109375
10 0.25546875 0.53046875 0.1265625 0.125
10 0.4828125 0.61484375 0.1296875 0.125
10 0.76875 0.7296875 0.1671875 0.146875
10 0.4484375 0.80546875 0.1234375 0.0703125
10 0.225 0.7125 0.1421875 0.1328125