10 0.80078125 0.715625 0.0875 0.14296875
10 0.8109375 0.52109375 0.065625 0.0875
10 0.76328125 0.32890625 0.0984375 0.09375
10 0.67734375 0.7203125 0.10546875 0.13125
10 0.71875 0.496875 0.10546875 0.11875
10 0.653125 0.29140625 0.0890625 0.0921875
10 0.51171875 0.7484375 0.11875 0.1546875
10 0.565625 0.48671875 0.10859375 0.11328125
10 0.465625 0.25625 0.1234375 0.125
10 0.38515625 0.48515625 0.1234375 0.128125
10 0.275 0.77265625 0.14453125 0.16484375
10 0.19375 0.45390625 0.06875 0.121875
10 0.2828125 0.22890625 0.1296875 0.13984375