10 0.24609375 0.76875 0.1125 0.1578125
10 0.1984375 0.5796875 0.08125 0.0984375
10 0.20859375 0.38203125 0.1140625 0.1109375
10 0.36796875 0.75 0.128125 0.1484375
10 0.284375 0.5390625 0.1265625 0.1359375
10 0.31015625 0.32421875 0.1046875 0.1078125
10 0.5359375 0.74609375 0.1453125 0.175
10 0.4328125 0.49921875 0.128125 0.13125
10 0.4875 0.25390625 0.1453125 0.146875
10 0.61015625 0.46328125 0.1453125 0.15
10 0.77265625 0.725 0.1734375 0.1890625
10 0.7921875 0.39609375 0.090625 0.1328125
10 0.66171875 0.1921875 0.1546875 0.1625