10 0.75078125 0.228125 0.153125 0.1046875
10 0.55859375 0.19375 0.0953125 0.0765625
10 0.3625 0.21796875 0.1046875 0.109375
10 0.740625 0.35078125 0.14375 0.1203125
10 0.5234375 0.2828125 0.13125 0.11875
10 0.31171875 0.32265625 0.103125 0.1
10 0.74765625 0.51875 0.16875 0.1359375
10 0.49453125 0.43359375 0.125 0.121875
10 0.25390625 0.5046875 0.1390625 0.1375
10 0.47109375 0.6125 0.1421875 0.1375
10 0.74296875 0.75625 0.18125 0.1640625
10 0.4171875 0.7984375 0.1296875 0.0828125
10 0.2046875 0.6828125 0.1546875 0.1453125