10 0.74453125 0.778125 0.1171875 0.159375
10 0.7984375 0.590625 0.084375 0.1
10 0.7953125 0.3921875 0.1171875 0.1140625
10 0.6234375 0.7546875 0.1328125 0.1515625
10 0.7140625 0.54609375 0.1296875 0.1390625
10 0.69609375 0.33125 0.1078125 0.109375
10 0.45546875 0.74453125 0.15 0.178125
10 0.5671875 0.5015625 0.13125 0.134375
10 0.52109375 0.2546875 0.1484375 0.15
10 0.39140625 0.459375 0.1484375 0.153125
10 0.21953125 0.71484375 0.178125 0.19375
10 0.21171875 0.3859375 0.09375 0.134375
10 0.34921875 0.18671875 0.1578125 0.165625