27 0.5625 0.15 0.2515625 0.29921875
27 0.6828125 0.32265625 0.26796875 0.3375
27 0.3796875 0.2125 0.22734375 0.1921875
27 0.2828125 0.2828125 0.0984375 0.14296875
27 0.36875 0.4390625 0.20078125 0.3390625
27 0.26328125 0.45546875 0.1609375 0.2765625
27 0.5 0.45390625 0.18125 0.36484375
27 0.6859375 0.60390625 0.2453125 0.2125
27 0.46015625 0.70390625 0.20859375 0.23984375
27 0.64296875 0.76796875 0.26328125 0.24375
27 0.52265625 0.89140625 0.1609375 0.2140625
27 0.39609375 0.815625 0.1859375 0.19375
27 0.3078125 0.653125 0.1609375 0.1609375