27 0.46953125 0.83828125 0.3203125 0.3234375
27 0.63046875 0.71875 0.346875 0.3953125
27 0.309375 0.746875 0.26875 0.24375
27 0.234375 0.65390625 0.1328125 0.1640625
27 0.3578125 0.525 0.28125 0.3796875
27 0.26015625 0.48203125 0.2265625 0.309375
27 0.48828125 0.54453125 0.26875 0.4
27 0.70625 0.44765625 0.2921875 0.26875
27 0.5140625 0.29296875 0.2640625 0.2859375
27 0.7078125 0.278125 0.3171875 0.303125
27 0.6234375 0.128125 0.2109375 0.2484375
27 0.48125 0.16796875 0.2296875 0.2359375
27 0.35390625 0.30234375 0.196875 0.196875