27 0.4859375 0.1546875 0.290625 0.309375
27 0.34375 0.29921875 0.3125 0.371875
27 0.659375 0.23203125 0.2515625 0.221875
27 0.7453125 0.31484375 0.1171875 0.1546875
27 0.63828125 0.4578125 0.2453125 0.3640625
27 0.740625 0.4890625 0.1984375 0.296875
27 0.50625 0.4546875 0.2296875 0.3859375
27 0.3015625 0.57734375 0.271875 0.2453125
27 0.5109375 0.7078125 0.240625 0.2671875
27 0.32109375 0.7453125 0.2953125 0.278125
27 0.42265625 0.88359375 0.1890625 0.2328125
27 0.55859375 0.82734375 0.2109375 0.2171875
27 0.66875 0.678125 0.18125 0.18125