27 0.45 0.15078125 0.2625 0.3015625
27 0.3234375 0.31640625 0.2796875 0.346875
27 0.63046875 0.2171875 0.234375 0.2
27 0.725 0.290625 0.103125 0.146875
27 0.63359375 0.44375 0.2125 0.3453125
27 0.73828125 0.4640625 0.1703125 0.28125
27 0.5015625 0.45390625 0.19375 0.3703125
27 0.3109375 0.59765625 0.253125 0.2203125
27 0.5328125 0.70546875 0.2171875 0.246875
27 0.34765625 0.7625 0.271875 0.253125
27 0.4640625 0.88984375 0.16875 0.2203125
27 0.59296875 0.81875 0.1921875 0.2
27 0.68671875 0.659375 0.1671875 0.1671875