27 0.59296875 0.84140625 0.2765625 0.3171875
27 0.69765625 0.6609375 0.296875 0.359375
27 0.40546875 0.796875 0.24375 0.2109375
27 0.30234375 0.73515625 0.1109375 0.1515625
27 0.37421875 0.571875 0.2296875 0.3546875
27 0.26796875 0.56484375 0.184375 0.2890625
27 0.50390625 0.54609375 0.2125 0.3796875
27 0.6765625 0.38046875 0.2625 0.2328125
27 0.4421875 0.3 0.228125 0.2578125
27 0.61875 0.2203125 0.2828125 0.265625
27 0.48828125 0.11015625 0.1796875 0.2203125
27 0.36875 0.19453125 0.2015625 0.209375
27 0.2953125 0.3640625 0.175 0.175