27 0.23203125 0.8515625 0.1828125 0.253125
27 0.23671875 0.63125 0.1453125 0.2953125
27 0.27578125 0.9328125 0.1703125 0.1046875
27 0.334375 0.771875 0.2609375 0.315625
27 0.4546875 0.9 0.284375 0.2
27 0.62890625 0.95546875 0.2328125 0.0890625
27 0.671875 0.7984375 0.2234375 0.3671875
27 0.534375 0.66015625 0.296875 0.3625
27 0.43515625 0.47421875 0.3640625 0.33125
27 0.29765625 0.390625 0.209375 0.303125
27 0.584375 0.28671875 0.3421875 0.31875
27 0.6953125 0.4890625 0.2484375 0.3296875
27 0.7765625 0.20234375 0.1546875 0.2984375
27 0.68828125 0.10390625 0.3390625 0.2046875
27 0.378125 0.15078125 0.2875 0.3015625