27 0.2765625 0.88125 0.1546875 0.23671875
27 0.2546875 0.6625 0.11171875 0.284375
27 0.33046875 0.95703125 0.1609375 0.08515625
27 0.36875 0.78984375 0.22734375 0.28984375
27 0.50546875 0.909375 0.26484375 0.18125
27 0.6859375 0.95234375 0.2234375 0.0953125
27 0.70703125 0.775 0.1828125 0.346875
27 0.55390625 0.6546875 0.25859375 0.33359375
27 0.4328125 0.48203125 0.33046875 0.29296875
27 0.2859375 0.41640625 0.17578125 0.284375
27 0.5578125 0.278125 0.309375 0.2828125
27 0.6921875 0.465625 0.2125 0.30625
27 0.73828125 0.17109375 0.1203125 0.2859375
27 0.63828125 0.08359375 0.32109375 0.16640625
27 0.33515625 0.153125 0.253125 0.30234375