27 0.23828125 0.85546875 0.178125 0.2515625
27 0.2390625 0.6359375 0.140625 0.29375
27 0.28359375 0.93671875 0.16875 0.1015625
27 0.3390625 0.77421875 0.25625 0.3125
27 0.46171875 0.9015625 0.2828125 0.196875
27 0.63671875 0.9546875 0.2328125 0.090625
27 0.67734375 0.7953125 0.21875 0.3640625
27 0.5375 0.659375 0.2921875 0.359375
27 0.43515625 0.475 0.359375 0.3265625
27 0.29609375 0.39453125 0.2046875 0.3015625
27 0.58046875 0.28515625 0.3375 0.3140625
27 0.69453125 0.4859375 0.24375 0.3265625
27 0.77109375 0.19765625 0.15 0.296875
27 0.68125 0.1 0.3375 0.1984375
27 0.37265625 0.15 0.2828125 0.3