6 0.23828125 0.621875 0.14453125 0.14296875
6 0.29921875 0.32578125 0.16953125 0.16953125
6 0.46875 0.28984375 0.13984375 0.13359375
6 0.67578125 0.43125 0.1578125 0.0984375
6 0.69765625 0.67265625 0.184375 0.11640625
6 0.7171875 0.51171875 0.1546875 0.13984375
6 0.5015625 0.4015625 0.15625 0.1921875
7 0.17421875 0.39140625 0.121875 0.128125
7 0.32734375 0.55234375 0.1609375 0.11484375
7 0.3375 0.72734375 0.13515625 0.10859375
7 0.5359375 0.57109375 0.13515625 0.11484375
7 0.63359375 0.50625 0.14765625 0.0890625
7 0.590625 0.315625 0.06875 0.13828125
22 0.45234375 0.60859375 0.08359375 0.11640625
15 0.45234375 0.7234375 0.20703125 0.0640625