6 0.43046875 0.78046875 0.1671875 0.16875
6 0.709375 0.6640625 0.1984375 0.1984375
6 0.7125 0.490625 0.1578125 0.1625
6 0.53359375 0.3140625 0.1265625 0.1734375
6 0.29296875 0.3390625 0.15 0.203125
6 0.446875 0.2890625 0.1671875 0.178125
6 0.59609375 0.4796875 0.21875 0.190625
7 0.66875 0.79921875 0.1484375 0.14375
7 0.48125 0.6796875 0.14375 0.1796875
7 0.3078125 0.703125 0.1328125 0.153125
7 0.4234375 0.478125 0.1390625 0.1546875
7 0.46875 0.3703125 0.115625 0.1625
7 0.6640625 0.37578125 0.1484375 0.09375
22 0.40234375 0.5671875 0.1296875 0.1046875
15 0.28984375 0.5890625 0.103125 0.215625