6 0.77265625 0.59375 0.159375 0.1578125
6 0.68125 0.30546875 0.1859375 0.1859375
6 0.509375 0.2875 0.153125 0.146875
6 0.31796875 0.45 0.1671875 0.1140625
6 0.32109375 0.6921875 0.1953125 0.134375
6 0.28515625 0.534375 0.16875 0.1546875
6 0.48828125 0.40234375 0.175 0.2078125
7 0.8125 0.3578125 0.134375 0.140625
7 0.67734375 0.534375 0.171875 0.13125
7 0.68515625 0.709375 0.1453125 0.121875
7 0.471875 0.57421875 0.146875 0.128125
7 0.36796875 0.5203125 0.15625 0.1046875
7 0.390625 0.32578125 0.0828125 0.1453125
22 0.55859375 0.603125 0.0953125 0.125
15 0.57109375 0.7171875 0.2125 0.0859375