6 0.35546875 0.25 0.1546875 0.15625
6 0.65625 0.28515625 0.184375 0.184375
6 0.70625 0.45078125 0.1453125 0.1515625
6 0.58359375 0.66875 0.1125 0.165625
6 0.3453125 0.71171875 0.1328125 0.19375
6 0.50703125 0.7171875 0.153125 0.165625
6 0.5984375 0.49296875 0.2046875 0.171875
7 0.5796875 0.165625 0.1375 0.1328125
7 0.4328125 0.3328125 0.128125 0.1703125
7 0.259375 0.3578125 0.1203125 0.14375
7 0.43203125 0.5421875 0.1265625 0.1453125
7 0.50546875 0.63359375 0.1015625 0.1546875
7 0.69140625 0.57421875 0.14375 0.08125
22 0.3875 0.46171875 0.1234375 0.09375
15 0.2734375 0.471875 0.08125 0.2125