6 0.6171875 0.2359375 0.1453125 0.146875
6 0.32265625 0.30234375 0.171875 0.171875
6 0.2890625 0.47265625 0.1359375 0.1421875
6 0.434375 0.67734375 0.1015625 0.159375
6 0.67578125 0.69453125 0.1203125 0.1859375
6 0.515625 0.7171875 0.1421875 0.1578125
6 0.4015625 0.503125 0.1953125 0.159375
7 0.3859375 0.17578125 0.1296875 0.1234375
7 0.54921875 0.3265625 0.1171875 0.1625
7 0.72421875 0.33359375 0.1109375 0.1375
7 0.571875 0.534375 0.1171875 0.1375
7 0.50859375 0.63359375 0.0921875 0.1484375
7 0.3171875 0.59375 0.1390625 0.071875
22 0.6078125 0.45078125 0.1171875 0.0859375
15 0.72265625 0.4484375 0.0671875 0.2078125