6 0.6609375 0.7390625 0.1640625 0.165625
6 0.359375 0.72578125 0.19375 0.19375
6 0.29765625 0.5640625 0.153125 0.159375
6 0.4046875 0.3375 0.121875 0.171875
6 0.63984375 0.278125 0.14375 0.2
6 0.47734375 0.28359375 0.1625 0.175
6 0.40234375 0.5140625 0.2140625 0.184375
7 0.44375 0.8390625 0.1453125 0.140625
7 0.57890625 0.6625 0.1390625 0.1765625
7 0.75 0.625 0.128125 0.15
7 0.56484375 0.453125 0.134375 0.1515625
7 0.48515625 0.3671875 0.1109375 0.159375
7 0.30390625 0.4390625 0.146875 0.0890625
22 0.61484375 0.53046875 0.128125 0.1
15 0.728125 0.5125 0.0953125 0.2140625