6 0.22890625 0.4015625 0.15625 0.1546875
6 0.31484375 0.69140625 0.184375 0.184375
6 0.4875 0.71171875 0.1515625 0.1453125
6 0.68125 0.553125 0.165625 0.1125
6 0.68203125 0.3109375 0.19375 0.1328125
6 0.715625 0.46953125 0.165625 0.153125
6 0.51015625 0.59765625 0.171875 0.2046875
7 0.18515625 0.63671875 0.1328125 0.1375
7 0.3234375 0.46328125 0.1703125 0.128125
7 0.31796875 0.2875 0.14375 0.1203125
7 0.5296875 0.42578125 0.1453125 0.1265625
7 0.6328125 0.48203125 0.1546875 0.1015625
7 0.60625 0.67578125 0.08125 0.14375
22 0.44296875 0.39609375 0.09375 0.1234375
15 0.4328125 0.28125 0.2125 0.08125