27 0.3390625 0.128125 0.13828125 0.13671875
27 0.19765625 0.2234375 0.0640625 0.16640625
27 0.20859375 0.36328125 0.0875 0.20234375
27 0.25 0.2546875 0.11171875 0.16484375
27 0.57109375 0.33203125 0.1890625 0.225
27 0.49375 0.25625 0.159375 0.17578125
27 0.35 0.32578125 0.22890625 0.20078125
27 0.32421875 0.52109375 0.184375 0.19375
7 0.465625 0.51953125 0.1515625 0.2453125
7 0.63984375 0.52265625 0.16640625 0.1828125
7 0.57734375 0.64140625 0.16796875 0.1578125
7 0.41640625 0.67578125 0.1578125 0.128125