26 0.821875 0.8921875 0.1671875 0.115625
26 0.6390625 0.88203125 0.296875 0.2359375
26 0.40703125 0.83515625 0.3515625 0.3296875
26 0.5421875 0.73046875 0.1796875 0.1390625
26 0.3609375 0.690625 0.15 0.1375
26 0.3515625 0.61796875 0.1109375 0.0890625
26 0.33046875 0.528125 0.1828125 0.15
26 0.2828125 0.46640625 0.159375 0.125
26 0.2265625 0.56640625 0.0875 0.103125
26 0.16171875 0.2390625 0.140625 0.175
26 0.34140625 0.3203125 0.28125 0.390625
26 0.38359375 0.11484375 0.2390625 0.2296875
26 0.525 0.53984375 0.3109375 0.3515625
26 0.54765625 0.31640625 0.284375 0.325
26 0.74453125 0.6109375 0.3125 0.440625
26 0.70859375 0.36484375 0.2421875 0.3296875
26 0.62265625 0.16796875 0.3109375 0.3359375