26 0.2828125 0.04140625 0.1515625 0.08203125
26 0.45859375 0.0921875 0.26015625 0.184375
26 0.67578125 0.17734375 0.2859375 0.309375
26 0.51484375 0.26640625 0.159375 0.10390625
26 0.68125 0.3484375 0.1265625 0.11015625
26 0.67265625 0.42109375 0.096875 0.0671875
26 0.67109375 0.51328125 0.159375 0.11484375
26 0.70234375 0.58515625 0.14140625 0.09375
26 0.78125 0.5015625 0.06875 0.0890625
26 0.76484375 0.83515625 0.10703125 0.153125
26 0.61015625 0.7125 0.20234375 0.35234375
26 0.51953125 0.903125 0.19921875 0.1921875
26 0.48515625 0.45546875 0.2453125 0.30078125
26 0.409375 0.66640625 0.2234375 0.2796875
26 0.28984375 0.33359375 0.2234375 0.39765625
26 0.26484375 0.58046875 0.17578125 0.29609375
26 0.29296875 0.82265625 0.23203125 0.35390625