27 0.60078125 0.1078125 0.1578125 0.15625
27 0.75546875 0.1796875 0.0890625 0.175
27 0.76640625 0.31953125 0.11875 0.2140625
27 0.70859375 0.21875 0.1359375 0.1796875
27 0.403125 0.3453125 0.221875 0.2515625
27 0.46796875 0.25859375 0.184375 0.1984375
27 0.62109375 0.3046875 0.2578125 0.234375
27 0.6765625 0.49296875 0.2125 0.2203125
7 0.53671875 0.5140625 0.1875 0.265625
7 0.365625 0.54453125 0.1921875 0.20625
7 0.44609375 0.6515625 0.190625 0.1828125
7 0.61015625 0.66015625 0.1765625 0.1515625