26 0.259375 0.053125 0.15625 0.090625
26 0.4375 0.096875 0.26875 0.19375
26 0.65859375 0.16875 0.3015625 0.3234375
26 0.50234375 0.265625 0.1640625 0.1125
26 0.6734375 0.3390625 0.1328125 0.1171875
26 0.66796875 0.4125 0.1 0.071875
26 0.671875 0.5046875 0.165625 0.1234375
26 0.70625 0.57421875 0.146875 0.1015625
26 0.78125 0.48671875 0.0734375 0.0921875
26 0.78203125 0.82109375 0.115625 0.1578125
26 0.62109375 0.70625 0.2203125 0.3625
26 0.540625 0.9 0.209375 0.2
26 0.4828125 0.45625 0.2609375 0.3125
26 0.41796875 0.67109375 0.2375 0.290625
26 0.28125 0.34453125 0.24375 0.409375
26 0.26953125 0.59296875 0.190625 0.3046875
26 0.309375 0.825 0.25 0.35