26 0.03671875 0.684375 0.0734375 0.15625
26 0.0953125 0.5125 0.190625 0.271875
26 0.190625 0.30234375 0.328125 0.30625
26 0.26796875 0.46875 0.1140625 0.165625
26 0.36171875 0.30859375 0.11875 0.134375
26 0.43359375 0.321875 0.0734375 0.1015625
26 0.525 0.33046875 0.125 0.1671875
26 0.59921875 0.30390625 0.103125 0.146875
26 0.52109375 0.21953125 0.09375 0.075
26 0.853125 0.259375 0.1609375 0.1171875
26 0.71953125 0.4046875 0.365625 0.2265625
26 0.9 0.5078125 0.2 0.2125
26 0.4546875 0.51171875 0.3171875 0.265625
26 0.659375 0.60234375 0.2953125 0.2421875
26 0.31953125 0.69765625 0.4125 0.25
26 0.5640625 0.73984375 0.3078125 0.1953125
26 0.8078125 0.72890625 0.36875 0.25625