26 0.95078125 0.2671875 0.0875 0.1546875
26 0.9046875 0.44453125 0.190625 0.2671875
26 0.82890625 0.6640625 0.31875 0.296875
26 0.73359375 0.50703125 0.109375 0.1625
26 0.6578125 0.67578125 0.1140625 0.1296875
26 0.58515625 0.66953125 0.0703125 0.0984375
26 0.49296875 0.67109375 0.1203125 0.1640625
26 0.421875 0.70546875 0.0984375 0.1453125
26 0.50859375 0.78125 0.0921875 0.071875
26 0.17421875 0.7765625 0.15625 0.1125
26 0.29140625 0.6171875 0.359375 0.2140625
26 0.0984375 0.5328125 0.196875 0.20625
26 0.54375 0.48359375 0.309375 0.25625
26 0.33046875 0.415625 0.2875 0.2328125
26 0.65859375 0.284375 0.4046875 0.2375
26 0.41171875 0.26796875 0.3015625 0.1859375
26 0.17578125 0.3046875 0.3515625 0.24375