27 0.128125 0.6609375 0.13671875 0.13828125
27 0.2234375 0.80234375 0.16640625 0.0640625
27 0.36328125 0.79140625 0.20234375 0.0875
27 0.2546875 0.75 0.16484375 0.11171875
27 0.33203125 0.42890625 0.225 0.1890625
27 0.25625 0.50625 0.17578125 0.159375
27 0.32578125 0.65 0.20078125 0.22890625
27 0.52109375 0.67578125 0.19375 0.184375
7 0.51953125 0.534375 0.2453125 0.1515625
7 0.52265625 0.36015625 0.1828125 0.16640625
7 0.64140625 0.42265625 0.1578125 0.16796875
7 0.67578125 0.58359375 0.128125 0.1578125