24 0.478125 0.96640625 0.284375 0.0671875
24 0.4703125 0.8921875 0.35625 0.1875
24 0.4640625 0.78984375 0.3390625 0.128125
24 0.30078125 0.93828125 0.1609375 0.121875
24 0.33046875 0.8484375 0.2640625 0.1203125
24 0.3375 0.69375 0.309375 0.146875
24 0.371875 0.56953125 0.35625 0.1578125
24 0.296875 0.76015625 0.15 0.08125
24 0.32421875 0.46875 0.3234375 0.140625
24 0.309375 0.39765625 0.30625 0.1109375
24 0.29453125 0.31953125 0.290625 0.1359375
24 0.325 0.2359375 0.2890625 0.1640625
24 0.23828125 0.175 0.2078125 0.1578125
24 0.24296875 0.071875 0.2328125 0.11875