27 0.1578125 0.371875 0.228125 0.2734375
27 0.35859375 0.303125 0.2328125 0.2796875
27 0.55390625 0.25703125 0.2453125 0.26875
27 0.30078125 0.49296875 0.215625 0.1796875
27 0.46875 0.4328125 0.2078125 0.2078125
27 0.67421875 0.35078125 0.2359375 0.2546875
27 0.43046875 0.5765625 0.1875 0.1453125
27 0.5828125 0.51484375 0.2125 0.165625
27 0.790625 0.4421875 0.2078125 0.2515625
27 0.5296875 0.64609375 0.190625 0.1375
27 0.70078125 0.59609375 0.1953125 0.1578125
27 0.88828125 0.515625 0.20625 0.253125