24 0.4953125 0.96328125 0.284375 0.0734375
24 0.48359375 0.89296875 0.3609375 0.1984375
24 0.47421875 0.79140625 0.3421875 0.1390625
24 0.31640625 0.940625 0.1640625 0.11875
24 0.34296875 0.85390625 0.265625 0.1296875
24 0.34453125 0.69921875 0.3125 0.1578125
24 0.37421875 0.5734375 0.359375 0.16875
24 0.30625 0.7671875 0.1515625 0.0859375
24 0.32265625 0.475 0.325 0.15
24 0.30546875 0.40390625 0.3078125 0.1203125
24 0.28828125 0.3265625 0.2921875 0.1453125
24 0.315625 0.2421875 0.29375 0.1734375
24 0.22734375 0.184375 0.2125 0.1640625
24 0.228125 0.08046875 0.2359375 0.1265625