24 0.4375 0.9703125 0.2796875 0.059375
24 0.4359375 0.88828125 0.34375 0.1578125
24 0.4390625 0.7859375 0.33203125 0.1
24 0.26328125 0.91953125 0.1515625 0.10859375
24 0.30078125 0.83203125 0.25625 0.0984375
24 0.32109375 0.67890625 0.29921875 0.121875
24 0.36640625 0.5578125 0.346875 0.128125
24 0.275 0.74140625 0.14453125 0.06875
24 0.32734375 0.45390625 0.3140625 0.11328125
24 0.31875 0.38125 0.29921875 0.08515625
24 0.3109375 0.30234375 0.28125 0.11171875
24 0.3484375 0.221875 0.278125 0.13984375
24 0.26796875 0.153125 0.19609375 0.14140625
24 0.28125 0.05078125 0.225 0.1