10 0.7015625 0.2828125 0.5140625 0.2359375
10 0.7796875 0.5703125 0.35 0.3671875
10 0.25234375 0.54453125 0.2046875 0.2578125
10 0.1875 0.30703125 0.275 0.1953125
10 0.49453125 0.70859375 0.20625 0.1484375
8 0.66640625 0.42734375 0.09375 0.0734375
8 0.54921875 0.5734375 0.09375 0.09375
8 0.4109375 0.42734375 0.1171875 0.0765625
8 0.53828125 0.4484375 0.121875 0.0953125
8 0.37109375 0.703125 0.08125 0.084375
8 0.93671875 0.55234375 0.1171875 0.084375
8 0.33984375 0.23828125 0.0796875 0.090625
8 0.1015625 0.3203125 0.1015625 0.059375
8 0.34765625 0.37578125 0.1234375 0.08125
8 0.6671875 0.36171875 0.2125 0.05
8 0.84140625 0.2875 0.06875 0.078125
8 0.49453125 0.23828125 0.065625 0.065625
8 0.38203125 0.2 0.109375 0.059375
8 0.4109375 0.3375 0.0546875 0.0546875
8 0.71640625 0.56796875 0.0734375 0.0921875