27 0.61015625 0.8484375 0.26328125 0.2140625
27 0.6890625 0.6515625 0.26796875 0.21875
27 0.7453125 0.45859375 0.25625 0.23203125
27 0.496875 0.69921875 0.16953125 0.20703125
27 0.565625 0.534375 0.19765625 0.19765625
27 0.6578125 0.33359375 0.24375 0.2234375
27 0.41953125 0.565625 0.13671875 0.18125
27 0.48984375 0.41640625 0.1546875 0.20390625
27 0.57265625 0.2125 0.24140625 0.19609375
27 0.35546875 0.4625 0.128125 0.184375
27 0.41484375 0.29453125 0.14765625 0.1875
27 0.5046875 0.11171875 0.24375 0.19375