10 0.30234375 0.7203125 0.509375 0.228125
10 0.21875 0.434375 0.34375 0.3625
10 0.746875 0.45078125 0.2 0.2546875
10 0.815625 0.6875 0.271875 0.190625
10 0.5015625 0.29140625 0.203125 0.14375
8 0.33515625 0.57578125 0.0921875 0.071875
8 0.44921875 0.42734375 0.0921875 0.0921875
8 0.590625 0.57109375 0.115625 0.075
8 0.4625 0.55234375 0.1203125 0.09375
8 0.625 0.29453125 0.08125 0.084375
8 0.0625 0.45546875 0.115625 0.08125
8 0.66484375 0.75859375 0.078125 0.0890625
8 0.9015625 0.67265625 0.1 0.0578125
8 0.6546875 0.621875 0.121875 0.078125
8 0.33515625 0.64140625 0.2125 0.046875
8 0.1625 0.71875 0.0671875 0.078125
8 0.51015625 0.76171875 0.0640625 0.0640625
8 0.6234375 0.79765625 0.109375 0.0578125
8 0.5921875 0.6609375 0.053125 0.053125
8 0.2828125 0.4359375 0.071875 0.090625