10 0.27734375 0.69453125 0.534375 0.2875
10 0.22890625 0.40078125 0.3859375 0.4015625
10 0.75078125 0.48125 0.2296875 0.2765625
10 0.790625 0.72421875 0.2921875 0.221875
10 0.52734375 0.29296875 0.2203125 0.16875
8 0.32734375 0.55546875 0.1 0.08125
8 0.45859375 0.421875 0.103125 0.103125
8 0.58125 0.58125 0.125 0.0875
8 0.45625 0.54765625 0.13125 0.1078125
8 0.64921875 0.3109375 0.090625 0.0921875
8 0.07109375 0.40234375 0.125 0.0953125
8 0.63203125 0.7765625 0.0890625 0.0984375
8 0.87734375 0.7203125 0.10625 0.0703125
8 0.6390625 0.63984375 0.13125 0.09375
8 0.31953125 0.6203125 0.2171875 0.071875
8 0.13828125 0.67578125 0.0765625 0.084375
8 0.478125 0.7609375 0.071875 0.071875
8 0.5859375 0.81015625 0.1140625 0.0703125
8 0.571875 0.67109375 0.059375 0.059375
8 0.2921875 0.41015625 0.08125 0.0984375