10 0.2703125 0.68671875 0.5390625 0.3046875
10 0.2328125 0.39140625 0.396875 0.4109375
10 0.7515625 0.48984375 0.2375 0.2828125
10 0.78203125 0.734375 0.296875 0.23125
10 0.534375 0.29453125 0.2234375 0.175
8 0.325 0.54921875 0.1015625 0.084375
8 0.4609375 0.4203125 0.10625 0.10625
8 0.578125 0.584375 0.1265625 0.0921875
8 0.4546875 0.54609375 0.1328125 0.1109375
8 0.65546875 0.31640625 0.0921875 0.0953125
8 0.075 0.3875 0.128125 0.1
8 0.62265625 0.78125 0.0921875 0.1
8 0.86953125 0.73359375 0.1078125 0.0734375
8 0.63359375 0.64453125 0.1328125 0.096875
8 0.31484375 0.6140625 0.2171875 0.078125
8 0.1328125 0.66328125 0.078125 0.0875
8 0.46875 0.76015625 0.0734375 0.0734375
8 0.575 0.81328125 0.115625 0.0734375
8 0.565625 0.6734375 0.0609375 0.0609375
8 0.2953125 0.403125 0.084375 0.1