24 0.64296875 0.94921875 0.2859375 0.1015625
24 0.63046875 0.87109375 0.365625 0.215625
24 0.609375 0.77109375 0.34375 0.15625
24 0.80625 0.871875 0.16875 0.1328125
24 0.75390625 0.7921875 0.26875 0.1421875
24 0.70703125 0.6453125 0.315625 0.171875
24 0.64140625 0.53359375 0.3640625 0.1859375
24 0.76328125 0.6984375 0.1546875 0.0921875
24 0.66171875 0.425 0.3296875 0.165625
24 0.6578125 0.3515625 0.309375 0.1359375
24 0.6515625 0.27265625 0.296875 0.159375
24 0.60078125 0.2 0.2984375 0.1859375
24 0.66796875 0.11796875 0.2171875 0.1734375
24 0.63671875 0.04375 0.2390625 0.0875