27 0.89453125 0.71875 0.2109375 0.4125
27 0.83359375 0.3046875 0.328125 0.378125
27 0.74375 0.87265625 0.3265625 0.228125
27 0.88828125 0.50625 0.2234375 0.225
27 0.63515625 0.66015625 0.540625 0.51875
27 0.55859375 0.284375 0.4796875 0.48125
27 0.57890625 0.11953125 0.3828125 0.2390625
27 0.33359375 0.153125 0.2921875 0.2953125
27 0.22109375 0.41171875 0.4421875 0.4421875
27 0.27265625 0.73359375 0.3921875 0.428125
27 0.48203125 0.83515625 0.3984375 0.3296875
27 0.14296875 0.90703125 0.1703125 0.1859375
27 0.01953125 0.21484375 0.0390625 0.2484375