27 0.821875 0.8296875 0.29375 0.340625
27 0.859375 0.44375 0.28125 0.378125
27 0.58515625 0.9109375 0.3265625 0.178125
27 0.8671875 0.6546875 0.2421875 0.225
27 0.565625 0.69921875 0.540625 0.51875
27 0.63515625 0.321875 0.4796875 0.48125
27 0.725 0.153125 0.3828125 0.2921875
27 0.47578125 0.13203125 0.2921875 0.2640625
27 0.2625 0.309375 0.4671875 0.4421875
27 0.2015625 0.63125 0.3921875 0.428125
27 0.35078125 0.81875 0.3984375 0.3625
27 0.04296875 0.7828125 0.0859375 0.271875
27 0.12265625 0.08203125 0.1234375 0.1640625