5 0.89296875 0.9 0.1484375 0.1171875
5 0.85703125 0.771875 0.196875 0.21875
5 0.78671875 0.36640625 0.23125 0.28125
5 0.778125 0.13671875 0.175 0.190625
5 0.7328125 0.0296875 0.215625 0.059375
5 0.71015625 0.840625 0.321875 0.303125
5 0.734375 0.61875 0.3109375 0.2625
5 0.6265625 0.20703125 0.2734375 0.34375
5 0.55625 0.05625 0.221875 0.1125
5 0.53671875 0.49296875 0.35 0.2453125
5 0.50390625 0.90078125 0.2734375 0.1984375
5 0.46875 0.7390625 0.3765625 0.265625
5 0.3875 0.31328125 0.3484375 0.3140625
5 0.3828125 0.1359375 0.296875 0.271875
5 0.2984375 0.56484375 0.296875 0.346875
5 0.3046875 0.9015625 0.303125 0.196875
5 0.20625 0.7484375 0.18125 0.290625
5 0.1640625 0.45234375 0.1859375 0.3171875
5 0.15625 0.19453125 0.2328125 0.271875