5 0.8171875 0.04453125 0.140625 0.0890625
5 0.8046875 0.1703125 0.178125 0.2015625
5 0.80546875 0.58125 0.20625 0.2625
5 0.83671875 0.809375 0.159375 0.1765625
5 0.81484375 0.94609375 0.2078125 0.0890625
5 0.6484375 0.1328125 0.296875 0.265625
5 0.71015625 0.3421875 0.290625 0.234375
5 0.67578125 0.76640625 0.2421875 0.321875
5 0.6359375 0.9390625 0.2125 0.1171875
5 0.5375 0.5 0.3328125 0.2140625
5 0.4328125 0.0953125 0.25625 0.190625
5 0.428125 0.2703125 0.3578125 0.23125
5 0.421875 0.70390625 0.3234375 0.2828125
5 0.4484375 0.878125 0.275 0.24375
5 0.290625 0.47109375 0.2671875 0.3234375
5 0.23515625 0.11484375 0.284375 0.21875
5 0.1671875 0.30625 0.1546875 0.278125
5 0.17734375 0.6046875 0.15625 0.3046875
5 0.21484375 0.86015625 0.209375 0.253125