5 0.16640625 0.95078125 0.13671875 0.0984375
5 0.184375 0.81875 0.17109375 0.19609375
5 0.19765625 0.4078125 0.19765625 0.25625
5 0.17421875 0.17890625 0.153125 0.17109375
5 0.20078125 0.04296875 0.20546875 0.08203125
5 0.3390625 0.86640625 0.2875 0.26640625
5 0.284375 0.65 0.2828125 0.225
5 0.33359375 0.22734375 0.23203125 0.3140625
5 0.3796875 0.05625 0.20859375 0.11015625
5 0.4625 0.4984375 0.32578125 0.20234375
5 0.55234375 0.9078125 0.25 0.184375
5 0.5640625 0.73203125 0.35 0.21875
5 0.58515625 0.29921875 0.3140625 0.27265625
5 0.5640625 0.121875 0.26640625 0.23984375
5 0.70859375 0.5359375 0.25625 0.3140625
5 0.7515625 0.89453125 0.2765625 0.20859375
5 0.82578125 0.70546875 0.14453125 0.27265625
5 0.82578125 0.40625 0.14609375 0.29921875
5 0.79765625 0.15 0.20078125 0.246875