5 0.7578125 0.03046875 0.15 0.0609375
5 0.76171875 0.1359375 0.2 0.2203125
5 0.81328125 0.54375 0.2359375 0.284375
5 0.871875 0.76640625 0.178125 0.1921875
5 0.8671875 0.9046875 0.215625 0.1125
5 0.6015625 0.13359375 0.325 0.2671875
5 0.68984375 0.31796875 0.3140625 0.2671875
5 0.70703125 0.74296875 0.278125 0.346875
5 0.68828125 0.91953125 0.2234375 0.1421875
5 0.5375 0.4953125 0.353125 0.2515625
5 0.384375 0.1078125 0.275 0.215625
5 0.40078125 0.28046875 0.3796875 0.2703125
5 0.44765625 0.71171875 0.353125 0.31875
5 0.4953125 0.871875 0.3 0.25625
5 0.28828125 0.496875 0.3015625 0.35
5 0.18984375 0.15 0.30625 0.25
5 0.14609375 0.34765625 0.1859375 0.2921875
5 0.19296875 0.64375 0.190625 0.31875
5 0.2609375 0.87734375 0.2375 0.2453125