5 0.9203125 0.871875 0.1546875 0.125
5 0.875 0.74609375 0.2078125 0.228125
5 0.7765625 0.346875 0.246875 0.2921875
5 0.7515625 0.11796875 0.1859375 0.1984375
5 0.696875 0.02578125 0.21875 0.0515625
5 0.73359375 0.825 0.3359375 0.3203125
5 0.7421875 0.6015625 0.3234375 0.278125
5 0.60625 0.1984375 0.2921875 0.3546875
5 0.52578125 0.0578125 0.2265625 0.115625
5 0.53671875 0.490625 0.3609375 0.265625
5 0.53359375 0.896875 0.2828125 0.20625
5 0.4859375 0.740625 0.3875 0.2875
5 0.375 0.32109375 0.3640625 0.33125
5 0.35859375 0.14453125 0.3109375 0.2890625
5 0.303125 0.57890625 0.315625 0.3609375
5 0.33515625 0.90390625 0.3140625 0.1921875
5 0.22421875 0.76875 0.1984375 0.296875
5 0.16171875 0.47578125 0.2046875 0.3234375
5 0.1359375 0.21953125 0.2484375 0.2828125