7 0.7953125 0.41953125 0.15 0.1328125
7 0.77265625 0.51640625 0.1390625 0.1171875
7 0.87578125 0.42578125 0.1171875 0.1125
7 0.65625 0.434375 0.18125 0.1453125
7 0.6578125 0.5234375 0.1140625 0.0890625
7 0.52265625 0.46015625 0.1453125 0.125
7 0.7234375 0.29453125 0.171875 0.1109375
7 0.86328125 0.28984375 0.1546875 0.1265625
7 0.4203125 0.33828125 0.15 0.128125
7 0.2796875 0.35703125 0.165625 0.1421875
7 0.22421875 0.3765625 0.1015625 0.125
7 0.12421875 0.40078125 0.1375 0.1234375
7 0.35 0.4109375 0.1125 0.0953125