7 0.8015625 0.5546875 0.140625 0.121875
7 0.7703125 0.46015625 0.1296875 0.10625
7 0.88046875 0.54140625 0.109375 0.1046875
7 0.66171875 0.55234375 0.171875 0.13125
7 0.65546875 0.4625 0.1078125 0.08125
7 0.52578125 0.53828125 0.1375 0.1140625
7 0.740625 0.68515625 0.1640625 0.096875
7 0.88046875 0.678125 0.146875 0.1140625
7 0.434375 0.66875 0.140625 0.1171875
7 0.29296875 0.6609375 0.1546875 0.1296875
7 0.2359375 0.646875 0.0921875 0.11875
7 0.134375 0.63203125 0.128125 0.1125
7 0.35859375 0.6015625 0.1046875 0.0875