7 0.559375 0.80078125 0.1234375 0.1421875
7 0.46484375 0.77109375 0.1078125 0.13125
7 0.54765625 0.8796875 0.10625 0.1109375
7 0.5546875 0.6609375 0.134375 0.1734375
7 0.465625 0.65625 0.0828125 0.109375
7 0.53828125 0.525 0.115625 0.1390625
7 0.68984375 0.7375 0.1 0.165625
7 0.684375 0.87734375 0.1171875 0.1484375
7 0.6671875 0.43125 0.1203125 0.1421875
7 0.6578125 0.290625 0.13125 0.1578125
7 0.6421875 0.2328125 0.11875 0.0953125
7 0.62578125 0.13203125 0.1140625 0.1296875
7 0.59921875 0.35625 0.0890625 0.10625