7 0.43515625 0.20078125 0.1265625 0.14375
7 0.53046875 0.228125 0.1109375 0.1328125
7 0.44609375 0.12109375 0.1078125 0.1125
7 0.4421875 0.340625 0.1375 0.1765625
7 0.53203125 0.34375 0.084375 0.1109375
7 0.4609375 0.47578125 0.11875 0.140625
7 0.30625 0.26640625 0.1015625 0.1671875
7 0.309375 0.12578125 0.11875 0.15
7 0.33359375 0.57109375 0.121875 0.14375
7 0.34609375 0.7125 0.134375 0.159375
7 0.3625 0.76953125 0.1203125 0.096875
7 0.38125 0.8703125 0.1171875 0.1328125
7 0.40390625 0.6453125 0.090625 0.1078125