7 0.45078125 0.80234375 0.11875 0.13828125
7 0.54453125 0.76953125 0.10390625 0.128125
7 0.465625 0.88125 0.10234375 0.10703125
7 0.45078125 0.6625 0.128125 0.16953125
7 0.53984375 0.6546875 0.07890625 0.10703125
7 0.4625 0.5265625 0.11171875 0.13515625
7 0.31875 0.74375 0.09375 0.1625
7 0.32890625 0.88359375 0.11171875 0.14453125
7 0.33046875 0.4375 0.11484375 0.13828125
7 0.33515625 0.29609375 0.1265625 0.153125
7 0.3484375 0.23828125 0.11640625 0.090625
7 0.36171875 0.13671875 0.11015625 0.1265625
7 0.39609375 0.36015625 0.08515625 0.10390625