7 0.53359375 0.1953125 0.1265625 0.14375
7 0.44140625 0.2328125 0.1109375 0.1328125
7 0.5140625 0.1171875 0.1078125 0.1125
7 0.540625 0.33515625 0.1375 0.1765625
7 0.45234375 0.34765625 0.084375 0.1109375
7 0.5359375 0.471875 0.11875 0.140625
7 0.66796875 0.246875 0.1015625 0.1671875
7 0.65078125 0.1078125 0.11875 0.15
7 0.67265625 0.55390625 0.121875 0.14375
7 0.675 0.6953125 0.134375 0.159375
7 0.66484375 0.753125 0.1203125 0.096875
7 0.65703125 0.85546875 0.1171875 0.1328125
7 0.6109375 0.634375 0.090625 0.1078125