7 0.45625 0.196875 0.121875 0.140625
7 0.54921875 0.23125 0.10625 0.1296875
7 0.47265625 0.11796875 0.1046875 0.109375
7 0.45390625 0.33671875 0.13125 0.171875
7 0.5421875 0.34609375 0.08125 0.1078125
7 0.46328125 0.47265625 0.1140625 0.1375
7 0.32265625 0.253125 0.096875 0.1640625
7 0.3359375 0.11328125 0.1140625 0.146875
7 0.3296875 0.559375 0.1171875 0.140625
7 0.33125 0.70078125 0.1296875 0.1546875
7 0.34375 0.759375 0.11875 0.0921875
7 0.35546875 0.8609375 0.1125 0.128125
7 0.39375 0.63828125 0.0875 0.1046875