15 0.36328125 0.35546875 0.2515625 0.22734375
15 0.4953125 0.3109375 0.11328125 0.1890625
15 0.5984375 0.30390625 0.16484375 0.20234375
15 0.64296875 0.246875 0.13125 0.1296875
15 0.67578125 0.11640625 0.15625 0.1859375
15 0.64765625 0.51015625 0.21875 0.23984375
15 0.64765625 0.75859375 0.2203125 0.2453125
15 0.62734375 0.9390625 0.26171875 0.121875
15 0.465625 0.89453125 0.22890625 0.21015625
15 0.35546875 0.64140625 0.23515625 0.23359375
15 0.50625 0.653125 0.1828125 0.20234375
15 0.3078125 0.85546875 0.13828125 0.1578125