8 0.19296875 0.265625 0.240625 0.2609375
8 0.15859375 0.4328125 0.3171875 0.3625
8 0.09921875 0.67890625 0.1984375 0.2609375
8 0.39375 0.32109375 0.0875 0.1109375
8 0.4625 0.20390625 0.09375 0.08125
8 0.56484375 0.19296875 0.0703125 0.05
8 0.70234375 0.20234375 0.0484375 0.0484375
8 0.36015625 0.559375 0.0734375 0.0828125
8 0.4 0.6546875 0.078125 0.0671875
8 0.2734375 0.72265625 0.0671875 0.0609375
8 0.3390625 0.72734375 0.0546875 0.0703125
8 0.196875 0.77578125 0.0671875 0.0671875
8 0.46171875 0.76875 0.121875 0.1265625
8 0.80859375 0.2828125 0.1640625 0.2015625
8 0.75 0.57421875 0.2421875 0.425
8 0.88828125 0.51484375 0.2234375 0.3265625
8 0.8875 0.71796875 0.2125 0.290625