8 0.29921875 0.1703125 0.253125 0.23125
8 0.46875 0.153125 0.353125 0.30625
8 0.72109375 0.11015625 0.253125 0.2125
8 0.3328125 0.375 0.1078125 0.084375
8 0.209375 0.43203125 0.078125 0.0921875
8 0.1875 0.53203125 0.0484375 0.06875
8 0.1828125 0.6703125 0.0484375 0.0484375
8 0.5734375 0.3671875 0.08125 0.071875
8 0.6640625 0.41640625 0.065625 0.0765625
8 0.7453125 0.2984375 0.0578125 0.065625
8 0.74296875 0.3640625 0.06875 0.053125
8 0.80546875 0.22734375 0.0640625 0.0640625
8 0.771875 0.48984375 0.121875 0.1171875
8 0.2515625 0.784375 0.196875 0.1578125
8 0.54765625 0.75625 0.41875 0.228125
8 0.47421875 0.890625 0.3203125 0.21875
8 0.6765625 0.903125 0.284375 0.19375