8 0.7796875 0.23359375 0.2890625 0.2734375
8 0.61953125 0.17734375 0.4015625 0.3546875
8 0.38671875 0.09609375 0.2859375 0.1921875
8 0.69375 0.42265625 0.1203125 0.1015625
8 0.7984375 0.509375 0.09375 0.103125
8 0.79296875 0.61171875 0.059375 0.0765625
8 0.7625 0.746875 0.0546875 0.0546875
8 0.46328125 0.353125 0.0921875 0.084375
8 0.36328125 0.37734375 0.078125 0.0859375
8 0.31484375 0.24140625 0.06875 0.075
8 0.3 0.30546875 0.0765625 0.0640625
8 0.275 0.1578125 0.075 0.075
8 0.240625 0.4203125 0.140625 0.1375
8 0.66640625 0.8390625 0.221875 0.190625
8 0.38828125 0.73515625 0.4484375 0.3015625
8 0.42265625 0.8734375 0.3515625 0.253125
8 0.22421875 0.8484375 0.3140625 0.2515625