8 0.1734375 0.70703125 0.228125 0.2484375
8 0.1515625 0.5359375 0.303125 0.346875
8 0.10625 0.2859375 0.2078125 0.25
8 0.378125 0.66875 0.0828125 0.10625
8 0.43671875 0.7921875 0.090625 0.0765625
8 0.5375 0.81171875 0.06875 0.046875
8 0.67578125 0.8140625 0.046875 0.046875
8 0.36640625 0.42890625 0.0703125 0.0796875
8 0.4140625 0.3375 0.075 0.0640625
8 0.29375 0.2578125 0.065625 0.0578125
8 0.359375 0.259375 0.0515625 0.06875
8 0.22265625 0.19921875 0.0640625 0.0640625
8 0.48515625 0.22890625 0.115625 0.1203125
8 0.7890625 0.74296875 0.1546875 0.1953125
8 0.75546875 0.4484375 0.221875 0.4140625
8 0.8921875 0.51875 0.215625 0.315625
8 0.90234375 0.315625 0.1953125 0.28125